# relative_time, cycles_done, cur_item, corpus_count, pending_total, pending_favs, map_size, saved_crashes, saved_hangs, max_depth, execs_per_sec, total_execs, edges_found, total_crashes, servers_count
61, 0, 18, 67, 51, 5, 6.34%, 0, 0, 2, 39.81, 3196, 112, 0, 0
66, 0, 13, 67, 50, 4, 6.34%, 0, 0, 2, 39.15, 3379, 112, 0, 0
71, 0, 52, 67, 49, 3, 6.34%, 0, 0, 2, 31.01, 3528, 112, 0, 0
76, 0, 52, 67, 49, 3, 6.34%, 0, 0, 2, 30.00, 3689, 112, 0, 0
81, 0, 52, 67, 49, 3, 6.34%, 0, 0, 2, 32.54, 3846, 112, 0, 0
86, 0, 52, 67, 49, 3, 6.34%, 0, 0, 2, 28.78, 3973, 112, 0, 0
91, 0, 52, 67, 49, 3, 6.34%, 0, 0, 2, 22.50, 4087, 112, 0, 0
96, 0, 52, 67, 49, 3, 6.34%, 0, 0, 2, 28.86, 4241, 112, 0, 0
102, 0, 52, 67, 49, 3, 6.34%, 0, 0, 2, 29.97, 4387, 112, 0, 0
107, 0, 52, 67, 49, 3, 6.34%, 0, 0, 2, 32.30, 4558, 112, 0, 0
112, 0, 52, 67, 49, 3, 6.34%, 0, 0, 2, 33.77, 4734, 112, 0, 0
117, 0, 52, 67, 49, 3, 6.34%, 0, 0, 2, 33.79, 4905, 112, 0, 0
122, 0, 52, 67, 49, 3, 6.34%, 0, 0, 2, 33.06, 5074, 112, 0, 0
127, 0, 52, 67, 49, 3, 6.34%, 0, 0, 2, 32.72, 5237, 112, 0, 0
132, 0, 52, 67, 49, 3, 6.34%, 0, 0, 2, 32.92, 5407, 112, 0, 0
138, 0, 52, 67, 49, 3, 6.34%, 0, 0, 2, 33.03, 5577, 112, 0, 0
143, 0, 52, 67, 49, 3, 6.34%, 0, 0, 2, 33.40, 5745, 112, 0, 0
148, 0, 52, 67, 49, 3, 6.34%, 0, 0, 2, 35.09, 5921, 112, 0, 0
153, 0, 52, 67, 49, 3, 6.34%, 0, 0, 2, 35.32, 6096, 112, 0, 0
158, 0, 52, 67, 49, 3, 6.34%, 0, 0, 2, 36.61, 6287, 112, 0, 0
163, 0, 22, 67, 48, 2, 6.34%, 0, 0, 2, 39.09, 6486, 112, 0, 0
168, 0, 22, 67, 48, 2, 6.34%, 0, 0, 2, 37.51, 6675, 112, 0, 0
173, 0, 22, 67, 48, 2, 6.34%, 0, 0, 2, 41.36, 6887, 112, 0, 0
178, 0, 22, 67, 48, 2, 6.34%, 0, 0, 2, 42.19, 7103, 112, 0, 0
183, 0, 22, 67, 48, 2, 6.34%, 0, 0, 2, 41.57, 7314, 112, 0, 0
189, 0, 22, 67, 48, 2, 6.34%, 0, 0, 2, 38.46, 7513, 112, 0, 0
194, 0, 22, 67, 48, 2, 6.34%, 0, 0, 2, 42.14, 7730, 112, 0, 0
199, 0, 51, 68, 48, 1, 6.34%, 0, 0, 2, 49.72, 7991, 112, 0, 0
204, 0, 51, 68, 48, 1, 6.34%, 0, 0, 2, 49.70, 8242, 112, 0, 0
209, 0, 67, 68, 47, 1, 6.34%, 0, 0, 2, 47.59, 8479, 112, 0, 0
214, 0, 42, 68, 46, 0, 6.34%, 0, 0, 2, 62.15, 8787, 112, 0, 0
219, 0, 42, 68, 46, 0, 6.34%, 0, 0, 2, 63.83, 9135, 112, 0, 0
224, 0, 42, 68, 46, 0, 6.34%, 0, 0, 2, 85.84, 9578, 112, 0, 0
229, 0, 67, 68, 45, 0, 6.34%, 0, 0, 2, 54.38, 9810, 112, 0, 0
234, 0, 62, 68, 45, 0, 6.34%, 0, 0, 2, 38.90, 10000, 112, 0, 0
239, 0, 62, 68, 45, 0, 6.34%, 0, 0, 2, 32.04, 10152, 112, 0, 0
245, 0, 62, 68, 45, 0, 6.34%, 0, 0, 2, 30.18, 10310, 112, 0, 0
250, 0, 62, 68, 45, 0, 6.34%, 0, 0, 2, 31.22, 10469, 112, 0, 0
255, 0, 62, 68, 45, 0, 6.34%, 0, 0, 2, 32.16, 10635, 112, 0, 0
260, 0, 62, 68, 45, 0, 6.34%, 0, 0, 2, 30.48, 10790, 112, 0, 0
265, 0, 62, 68, 45, 0, 6.34%, 0, 0, 2, 32.08, 10956, 112, 0, 0
270, 0, 62, 68, 45, 0, 6.34%, 0, 0, 2, 32.57, 11116, 112, 0, 0
275, 0, 62, 68, 45, 0, 6.34%, 0, 0, 2, 32.58, 11282, 112, 0, 0
280, 0, 62, 68, 45, 0, 6.34%, 0, 0, 2, 32.47, 11445, 112, 0, 0
285, 0, 35, 68, 44, 0, 6.34%, 0, 0, 2, 33.77, 11617, 112, 0, 0
291, 0, 35, 68, 44, 0, 6.34%, 0, 0, 2, 37.37, 11814, 112, 0, 0
296, 0, 35, 68, 44, 0, 6.34%, 0, 0, 2, 35.64, 11995, 112, 0, 0
301, 0, 35, 68, 44, 0, 6.34%, 0, 0, 2, 33.91, 12170, 112, 0, 0
306, 0, 35, 68, 44, 0, 6.34%, 0, 0, 2, 36.76, 12366, 112, 0, 0
311, 0, 35, 68, 44, 0, 6.34%, 0, 0, 2, 36.90, 12558, 112, 0, 0
316, 0, 10, 68, 43, 0, 6.34%, 0, 0, 2, 38.76, 12759, 112, 0, 0
321, 0, 10, 68, 43, 0, 6.34%, 0, 0, 2, 43.25, 12982, 112, 0, 0
326, 0, 10, 68, 43, 0, 6.34%, 0, 0, 2, 43.33, 13205, 112, 0, 0
331, 0, 10, 68, 43, 0, 6.34%, 0, 0, 2, 44.76, 13434, 112, 0, 0
336, 0, 10, 68, 43, 0, 6.34%, 0, 0, 2, 42.89, 13649, 112, 0, 0
342, 0, 46, 68, 42, 0, 6.34%, 0, 0, 2, 43.85, 13872, 112, 0, 0
347, 0, 39, 68, 41, 0, 6.34%, 0, 0, 2, 42.01, 14086, 112, 0, 0
352, 0, 21, 68, 41, 0, 6.34%, 0, 0, 2, 38.22, 14263, 112, 0, 0
357, 0, 48, 68, 40, 0, 6.34%, 0, 0, 2, 32.66, 14425, 112, 0, 0
362, 0, 48, 68, 40, 0, 6.34%, 0, 0, 2, 29.47, 14571, 112, 0, 0
367, 0, 48, 68, 40, 0, 6.34%, 0, 0, 2, 30.61, 14726, 112, 0, 0
372, 0, 48, 68, 40, 0, 6.34%, 0, 0, 2, 45.92, 14990, 112, 0, 0
377, 0, 48, 68, 40, 0, 6.34%, 0, 0, 2, 61.19, 15269, 112, 0, 0
382, 0, 48, 69, 41, 0, 6.34%, 0, 0, 2, 51.29, 15554, 112, 0, 0
387, 0, 68, 69, 40, 1, 6.34%, 0, 0, 2, 54.07, 15777, 112, 0, 0
392, 0, 68, 69, 40, 1, 6.34%, 0, 0, 2, 53.73, 16018, 112, 0, 0
397, 0, 68, 69, 40, 1, 6.34%, 0, 0, 2, 37.62, 16195, 112, 0, 0
403, 0, 68, 69, 40, 1, 6.34%, 0, 0, 2, 61.35, 16560, 112, 0, 0
408, 0, 68, 69, 40, 1, 6.34%, 0, 0, 2, 41.62, 16747, 112, 0, 0
413, 0, 68, 69, 40, 1, 6.34%, 0, 0, 2, 33.84, 16911, 112, 0, 0
418, 0, 39, 69, 39, 0, 6.34%, 0, 0, 2, 34.45, 17086, 112, 0, 0
423, 0, 3, 69, 39, 0, 6.34%, 0, 0, 2, 38.38, 17285, 112, 0, 0
428, 0, 51, 69, 38, 0, 6.34%, 0, 0, 2, 39.87, 17492, 112, 0, 0
433, 0, 16, 69, 37, 0, 6.34%, 0, 0, 2, 41.05, 17698, 112, 0, 0
438, 0, 65, 69, 37, 0, 6.34%, 0, 0, 2, 41.27, 17907, 112, 0, 0
444, 0, 3, 69, 37, 0, 6.34%, 0, 0, 2, 41.17, 18123, 112, 0, 0
449, 0, 18, 69, 37, 0, 6.34%, 0, 0, 2, 40.60, 18325, 112, 0, 0
454, 0, 13, 69, 37, 0, 6.34%, 0, 0, 2, 42.09, 18547, 112, 0, 0
459, 0, 34, 69, 37, 0, 6.34%, 0, 0, 2, 42.49, 18766, 112, 0, 0
464, 0, 34, 69, 37, 0, 6.34%, 0, 0, 2, 38.09, 18956, 112, 0, 0
469, 0, 34, 69, 37, 0, 6.34%, 0, 0, 2, 32.49, 19126, 112, 0, 0
474, 0, 34, 69, 37, 0, 6.34%, 0, 0, 2, 37.01, 19314, 112, 0, 0
479, 0, 34, 69, 37, 0, 6.34%, 0, 0, 2, 39.41, 19519, 112, 0, 0
484, 0, 34, 69, 37, 0, 6.34%, 0, 0, 2, 40.54, 19729, 112, 0, 0
490, 0, 18, 69, 36, 0, 6.34%, 0, 0, 2, 41.09, 19938, 112, 0, 0
495, 0, 19, 69, 36, 0, 6.34%, 0, 0, 2, 47.08, 20188, 112, 0, 0
500, 1, 4, 69, 36, 0, 6.34%, 0, 0, 2, 47.99, 20430, 112, 0, 0
505, 1, 40, 70, 35, 0, 6.34%, 0, 0, 2, 45.41, 20653, 112, 0, 0
510, 1, 25, 70, 34, 0, 6.34%, 0, 0, 2, 43.99, 20871, 112, 0, 0
515, 1, 25, 70, 34, 0, 6.34%, 0, 0, 2, 42.37, 21086, 112, 0, 0
520, 1, 25, 70, 34, 0, 6.34%, 0, 0, 2, 43.01, 21304, 112, 0, 0
525, 1, 25, 70, 34, 0, 6.34%, 0, 0, 2, 42.29, 21521, 112, 0, 0
530, 1, 25, 70, 34, 0, 6.34%, 0, 0, 2, 43.43, 21747, 112, 0, 0
535, 1, 25, 70, 34, 0, 6.34%, 0, 0, 2, 41.91, 21957, 112, 0, 0
540, 1, 18, 70, 33, 0, 6.34%, 0, 0, 2, 42.06, 22170, 112, 0, 0
546, 1, 61, 70, 33, 0, 6.34%, 0, 0, 2, 37.93, 22359, 112, 0, 0
551, 1, 61, 70, 33, 0, 6.34%, 0, 0, 2, 33.98, 22534, 112, 0, 0
556, 1, 61, 70, 33, 0, 6.34%, 0, 0, 2, 36.01, 22703, 112, 0, 0
561, 1, 61, 70, 33, 0, 6.34%, 0, 0, 2, 37.48, 22896, 112, 0, 0
566, 1, 61, 70, 33, 0, 6.34%, 0, 0, 2, 34.37, 23064, 112, 0, 0
571, 1, 61, 70, 33, 0, 6.34%, 0, 0, 2, 32.43, 23228, 112, 0, 0
576, 1, 61, 70, 33, 0, 6.34%, 0, 0, 2, 37.82, 23429, 112, 0, 0
581, 1, 61, 70, 33, 0, 6.34%, 0, 0, 2, 38.41, 23626, 112, 0, 0
587, 1, 61, 70, 33, 0, 6.34%, 0, 0, 2, 33.19, 23789, 112, 0, 0
592, 1, 58, 70, 32, 0, 6.34%, 0, 0, 2, 31.97, 23956, 112, 0, 0
597, 1, 58, 70, 32, 0, 6.34%, 0, 0, 2, 32.48, 24119, 112, 0, 0
602, 1, 58, 70, 32, 0, 6.34%, 0, 0, 2, 28.88, 24271, 112, 0, 0
607, 1, 58, 70, 32, 0, 6.34%, 0, 0, 2, 18.14, 24409, 112, 0, 0
612, 1, 58, 70, 32, 0, 6.34%, 0, 0, 2, 22.37, 24530, 112, 0, 0
617, 1, 58, 70, 32, 0, 6.34%, 0, 0, 2, 19.25, 24620, 112, 0, 0
623, 1, 58, 70, 32, 0, 6.34%, 0, 0, 2, 28.89, 24773, 112, 0, 0
628, 1, 58, 70, 32, 0, 6.34%, 0, 0, 2, 29.50, 24920, 112, 0, 0
633, 1, 15, 70, 31, 0, 6.34%, 0, 0, 2, 29.07, 25061, 112, 0, 0
638, 1, 32, 70, 30, 0, 6.34%, 0, 0, 2, 36.75, 25238, 112, 0, 0
643, 1, 28, 70, 29, 0, 6.34%, 0, 0, 2, 36.10, 25427, 112, 0, 0
648, 1, 28, 70, 29, 0, 6.34%, 0, 0, 2, 34.90, 25610, 112, 0, 0
653, 1, 28, 70, 29, 0, 6.34%, 0, 0, 2, 33.82, 25786, 112, 0, 0
659, 1, 28, 70, 29, 0, 6.34%, 0, 0, 2, 35.37, 25966, 112, 0, 0
664, 1, 28, 70, 29, 0, 6.34%, 0, 0, 2, 34.31, 26142, 112, 0, 0
669, 1, 28, 70, 29, 0, 6.34%, 0, 0, 2, 30.67, 26284, 112, 0, 0
674, 1, 33, 70, 28, 0, 6.34%, 0, 0, 2, 34.40, 26461, 112, 0, 0
679, 1, 33, 70, 28, 0, 6.34%, 0, 0, 2, 35.88, 26629, 112, 0, 0
684, 1, 33, 70, 28, 0, 6.34%, 0, 0, 2, 28.01, 26758, 112, 0, 0
689, 1, 33, 70, 28, 0, 6.34%, 0, 0, 2, 30.42, 26925, 112, 0, 0
694, 1, 33, 70, 28, 0, 6.34%, 0, 0, 2, 36.25, 27118, 112, 0, 0
699, 1, 33, 70, 28, 0, 6.34%, 0, 0, 2, 36.41, 27303, 112, 0, 0
704, 1, 33, 70, 28, 0, 6.34%, 0, 0, 2, 34.95, 27480, 112, 0, 0
709, 1, 56, 70, 27, 0, 6.34%, 0, 0, 2, 39.75, 27692, 112, 0, 0
715, 1, 56, 70, 27, 0, 6.34%, 0, 0, 2, 24.92, 27797, 112, 0, 0
720, 1, 56, 70, 27, 0, 6.34%, 0, 0, 2, 20.23, 27885, 112, 0, 0
725, 1, 56, 70, 27, 0, 6.34%, 0, 0, 2, 17.82, 27966, 112, 0, 0
730, 1, 56, 70, 27, 0, 6.34%, 0, 0, 2, 15.72, 28044, 112, 0, 0
735, 1, 56, 70, 27, 0, 6.34%, 0, 0, 2, 14.33, 28109, 112, 0, 0
740, 1, 56, 70, 27, 0, 6.34%, 0, 0, 2, 16.23, 28187, 112, 0, 0
745, 1, 56, 70, 27, 0, 6.34%, 0, 0, 2, 24.38, 28330, 112, 0, 0
750, 1, 63, 70, 26, 0, 6.34%, 0, 0, 2, 26.10, 28489, 112, 0, 0
755, 1, 63, 70, 26, 0, 6.34%, 0, 0, 2, 20.12, 28579, 112, 0, 0
760, 1, 63, 70, 26, 0, 6.34%, 0, 0, 2, 18.80, 28674, 112, 0, 0
765, 1, 63, 70, 26, 0, 6.34%, 0, 0, 2, 17.05, 28755, 112, 0, 0
771, 1, 63, 70, 26, 0, 6.34%, 0, 0, 2, 18.10, 28850, 112, 0, 0
776, 1, 63, 70, 26, 0, 6.34%, 0, 0, 2, 17.32, 28937, 112, 0, 0
781, 1, 63, 70, 26, 0, 6.34%, 0, 0, 2, 18.67, 29035, 112, 0, 0
786, 1, 63, 70, 26, 0, 6.34%, 0, 0, 2, 19.14, 29133, 112, 0, 0
791, 1, 63, 70, 26, 0, 6.34%, 0, 0, 2, 20.14, 29235, 112, 0, 0
796, 1, 63, 70, 26, 0, 6.34%, 0, 0, 2, 18.97, 29331, 112, 0, 0
801, 1, 63, 70, 26, 0, 6.34%, 0, 0, 2, 19.15, 29425, 112, 0, 0
806, 1, 63, 70, 26, 0, 6.34%, 0, 0, 2, 25.13, 29563, 112, 0, 0
812, 1, 63, 70, 26, 0, 6.34%, 0, 0, 2, 22.73, 29669, 112, 0, 0
817, 1, 63, 70, 26, 0, 6.34%, 0, 0, 2, 21.96, 29788, 112, 0, 0
822, 1, 63, 70, 26, 0, 6.34%, 0, 0, 2, 23.44, 29912, 112, 0, 0
827, 1, 63, 70, 26, 0, 6.34%, 0, 0, 2, 22.32, 30022, 112, 0, 0
832, 1, 63, 70, 26, 0, 6.34%, 0, 0, 2, 19.98, 30129, 112, 0, 0
837, 1, 63, 70, 26, 0, 6.34%, 0, 0, 2, 22.34, 30238, 112, 0, 0
842, 1, 2, 70, 25, 0, 6.34%, 0, 0, 2, 33.70, 30428, 112, 0, 0
848, 1, 24, 70, 24, 0, 6.34%, 0, 0, 2, 42.02, 30658, 112, 0, 0
853, 1, 47, 70, 24, 0, 6.34%, 0, 0, 2, 40.89, 30864, 112, 0, 0
858, 1, 47, 70, 24, 0, 6.34%, 0, 0, 2, 38.31, 31058, 112, 0, 0
863, 1, 47, 70, 24, 0, 6.34%, 0, 0, 2, 37.28, 31249, 112, 0, 0
868, 1, 47, 70, 24, 0, 6.34%, 0, 0, 2, 37.27, 31437, 112, 0, 0
873, 1, 47, 70, 24, 0, 6.34%, 0, 0, 2, 37.36, 31628, 112, 0, 0
878, 1, 18, 70, 23, 0, 6.34%, 0, 0, 2, 38.57, 31824, 112, 0, 0
883, 1, 7, 70, 23, 0, 6.34%, 0, 0, 2, 68.10, 32150, 112, 0, 0
888, 1, 7, 70, 23, 0, 6.34%, 0, 0, 2, 49.85, 32395, 112, 0, 0
893, 1, 7, 70, 23, 0, 6.34%, 0, 0, 2, 44.52, 32613, 112, 0, 0
898, 1, 7, 70, 23, 0, 6.34%, 0, 0, 2, 43.11, 32832, 112, 0, 0
903, 1, 7, 70, 23, 0, 6.34%, 0, 0, 2, 43.01, 33050, 112, 0, 0
908, 1, 14, 70, 22, 0, 6.34%, 0, 0, 2, 48.07, 33289, 112, 0, 0
913, 1, 23, 70, 22, 0, 6.34%, 0, 0, 2, 47.36, 33528, 112, 0, 0
918, 1, 70, 71, 23, 1, 6.40%, 0, 0, 2, 48.26, 33775, 113, 0, 0
924, 1, 45, 71, 22, 0, 6.40%, 0, 0, 2, 41.22, 33983, 113, 0, 0
929, 1, 45, 71, 22, 0, 6.40%, 0, 0, 2, 35.45, 34164, 113, 0, 0
934, 1, 29, 71, 20, 0, 6.40%, 0, 0, 2, 38.48, 34366, 113, 0, 0
939, 1, 29, 71, 20, 0, 6.40%, 0, 0, 2, 35.12, 34538, 113, 0, 0
944, 1, 29, 71, 20, 0, 6.40%, 0, 0, 2, 35.38, 34720, 113, 0, 0
949, 1, 29, 71, 20, 0, 6.40%, 0, 0, 2, 34.98, 34898, 113, 0, 0
954, 1, 29, 71, 20, 0, 6.40%, 0, 0, 2, 33.18, 35062, 113, 0, 0
959, 1, 29, 71, 20, 0, 6.40%, 0, 0, 2, 28.24, 35204, 113, 0, 0
964, 1, 29, 71, 20, 0, 6.40%, 0, 0, 2, 31.34, 35369, 113, 0, 0
969, 1, 38, 71, 19, 0, 6.40%, 0, 0, 2, 35.75, 35546, 113, 0, 0
975, 1, 38, 71, 19, 0, 6.40%, 0, 0, 2, 32.76, 35713, 113, 0, 0
980, 1, 38, 71, 19, 0, 6.40%, 0, 0, 2, 28.88, 35848, 113, 0, 0
985, 1, 38, 71, 19, 0, 6.40%, 0, 0, 2, 34.06, 36024, 113, 0, 0
990, 1, 38, 71, 19, 0, 6.40%, 0, 0, 2, 35.21, 36201, 113, 0, 0
995, 1, 38, 71, 19, 0, 6.40%, 0, 0, 2, 36.43, 36394, 113, 0, 0
1000, 1, 38, 71, 19, 0, 6.40%, 0, 0, 2, 35.69, 36577, 113, 0, 0
1005, 1, 65, 72, 19, 0, 6.40%, 0, 0, 2, 37.81, 36764, 113, 0, 0
1010, 1, 24, 72, 19, 0, 6.40%, 0, 0, 2, 42.69, 36989, 113, 0, 0
1015, 1, 36, 72, 18, 0, 6.40%, 0, 0, 2, 39.66, 37196, 113, 0, 0
1020, 1, 36, 72, 18, 0, 6.40%, 0, 0, 2, 37.44, 37384, 113, 0, 0
1026, 1, 36, 72, 18, 0, 6.40%, 0, 0, 2, 36.74, 37572, 113, 0, 0
1031, 1, 36, 72, 18, 0, 6.40%, 0, 0, 2, 35.67, 37754, 113, 0, 0
1036, 1, 36, 72, 18, 0, 6.40%, 0, 0, 2, 35.06, 37937, 113, 0, 0
1041, 1, 36, 72, 18, 0, 6.40%, 0, 0, 2, 35.35, 38121, 113, 0, 0
1046, 1, 16, 72, 17, 0, 6.40%, 0, 0, 2, 39.75, 38320, 113, 0, 0
1051, 1, 26, 72, 17, 0, 6.40%, 0, 0, 2, 37.19, 38509, 113, 0, 0
1057, 1, 26, 72, 17, 0, 6.40%, 0, 0, 2, 35.73, 38689, 113, 0, 0
1062, 1, 26, 72, 17, 0, 6.40%, 0, 0, 2, 37.42, 38882, 113, 0, 0
1067, 1, 26, 72, 17, 0, 6.40%, 0, 0, 2, 36.22, 39066, 113, 0, 0
1072, 1, 26, 72, 17, 0, 6.40%, 0, 0, 2, 37.77, 39260, 113, 0, 0
1077, 1, 26, 72, 17, 0, 6.40%, 0, 0, 2, 35.39, 39443, 113, 0, 0
1082, 1, 59, 72, 16, 0, 6.40%, 0, 0, 2, 35.91, 39624, 113, 0, 0
1087, 1, 59, 72, 16, 0, 6.40%, 0, 0, 2, 37.01, 39817, 113, 0, 0
1093, 1, 59, 72, 16, 0, 6.40%, 0, 0, 2, 44.50, 40057, 113, 0, 0
1098, 1, 59, 72, 16, 0, 6.40%, 0, 0, 2, 42.18, 40266, 113, 0, 0
1103, 1, 59, 72, 16, 0, 6.40%, 0, 0, 2, 37.66, 40450, 113, 0, 0
1108, 1, 59, 72, 16, 0, 6.40%, 0, 0, 2, 40.00, 40658, 113, 0, 0
1113, 1, 59, 72, 16, 0, 6.40%, 0, 0, 2, 37.71, 40841, 113, 0, 0
1118, 1, 59, 72, 16, 0, 6.40%, 0, 0, 2, 39.29, 41041, 113, 0, 0
1123, 1, 71, 72, 15, 0, 6.40%, 0, 0, 2, 38.62, 41233, 113, 0, 0
1128, 1, 71, 72, 15, 0, 6.40%, 0, 0, 2, 37.56, 41428, 113, 0, 0
1134, 1, 71, 72, 15, 0, 6.40%, 0, 0, 2, 40.19, 41635, 113, 0, 0
1139, 1, 71, 72, 15, 0, 6.40%, 0, 0, 2, 39.46, 41832, 113, 0, 0
1144, 1, 71, 72, 15, 0, 6.40%, 0, 0, 2, 37.33, 42014, 113, 0, 0
1149, 1, 71, 72, 15, 0, 6.40%, 0, 0, 2, 36.27, 42196, 113, 0, 0
1154, 1, 65, 72, 14, 0, 6.40%, 0, 0, 2, 40.98, 42411, 113, 0, 0
1159, 1, 44, 72, 14, 0, 6.40%, 0, 0, 2, 43.15, 42643, 113, 0, 0
1164, 1, 44, 72, 14, 0, 6.40%, 0, 0, 2, 36.65, 42820, 113, 0, 0
1169, 1, 44, 72, 14, 0, 6.40%, 0, 0, 2, 36.85, 43004, 113, 0, 0
1174, 1, 16, 72, 13, 0, 6.40%, 0, 0, 2, 31.73, 43188, 113, 0, 0
1180, 1, 24, 72, 13, 0, 6.40%, 0, 0, 2, 37.73, 43394, 113, 0, 0
1185, 1, 31, 72, 13, 0, 6.40%, 0, 0, 2, 42.33, 43609, 113, 0, 0
1190, 1, 15, 72, 12, 0, 6.40%, 0, 0, 2, 41.09, 43815, 113, 0, 0
1195, 1, 5, 72, 11, 0, 6.40%, 0, 0, 2, 44.17, 44049, 113, 0, 0
1200, 2, 64, 74, 13, 0, 6.40%, 0, 0, 2, 26.49, 44165, 113, 0, 0
1205, 2, 64, 74, 13, 0, 6.40%, 0, 0, 2, 22.34, 44271, 113, 0, 0
1210, 2, 64, 74, 13, 0, 6.40%, 0, 0, 2, 19.83, 44369, 113, 0, 0
1215, 2, 64, 74, 13, 0, 6.40%, 0, 0, 2, 17.67, 44452, 113, 0, 0
1221, 2, 64, 74, 13, 0, 6.40%, 0, 0, 2, 19.35, 44556, 113, 0, 0
1226, 2, 64, 74, 13, 0, 6.40%, 0, 0, 2, 21.31, 44665, 113, 0, 0
1231, 2, 64, 74, 13, 0, 6.40%, 0, 0, 2, 20.99, 44774, 113, 0, 0
1236, 2, 64, 74, 13, 0, 6.40%, 0, 0, 2, 19.70, 44884, 113, 0, 0
1241, 2, 64, 74, 13, 0, 6.40%, 0, 0, 2, 22.12, 44996, 113, 0, 0
1246, 2, 64, 74, 13, 0, 6.40%, 0, 0, 2, 22.82, 45112, 113, 0, 0
1251, 2, 64, 74, 13, 0, 6.40%, 0, 0, 2, 22.10, 45221, 113, 0, 0
1256, 2, 64, 74, 13, 0, 6.40%, 0, 0, 2, 22.88, 45338, 113, 0, 0
1261, 2, 64, 74, 13, 0, 6.40%, 0, 0, 2, 21.21, 45446, 113, 0, 0
1266, 2, 64, 74, 13, 0, 6.40%, 0, 0, 2, 22.08, 45560, 113, 0, 0
1271, 2, 16, 74, 12, 0, 6.40%, 0, 0, 2, 27.88, 45696, 113, 0, 0
1277, 2, 57, 74, 12, 0, 6.40%, 0, 0, 2, 35.22, 45891, 113, 0, 0
1282, 2, 57, 74, 12, 0, 6.40%, 0, 0, 2, 34.30, 46071, 113, 0, 0
1287, 2, 57, 74, 12, 0, 6.40%, 0, 0, 2, 39.96, 46276, 113, 0, 0
1292, 2, 57, 74, 12, 0, 6.40%, 0, 0, 2, 34.30, 46448, 113, 0, 0
1297, 2, 57, 74, 12, 0, 6.40%, 0, 0, 2, 39.70, 46649, 113, 0, 0
1302, 2, 65, 74, 11, 0, 6.40%, 0, 0, 2, 39.24, 46849, 113, 0, 0
1307, 2, 68, 74, 11, 0, 6.40%, 0, 0, 2, 36.58, 47042, 113, 0, 0
1312, 2, 30, 74, 11, 0, 6.40%, 0, 0, 2, 37.00, 47237, 113, 0, 0
1318, 2, 37, 74, 10, 0, 6.40%, 0, 0, 2, 36.42, 47422, 113, 0, 0
1323, 2, 37, 74, 10, 0, 6.40%, 0, 0, 2, 36.24, 47604, 113, 0, 0
1328, 2, 37, 74, 10, 0, 6.40%, 0, 0, 2, 33.84, 47781, 113, 0, 0
1333, 2, 37, 74, 10, 0, 6.40%, 0, 0, 2, 36.06, 47969, 113, 0, 0
1338, 2, 37, 74, 10, 0, 6.40%, 0, 0, 2, 34.89, 48149, 113, 0, 0
1343, 2, 37, 74, 10, 0, 6.40%, 0, 0, 2, 35.52, 48328, 113, 0, 0
1348, 2, 24, 74, 9, 0, 6.40%, 0, 0, 2, 12.08, 48478, 113, 0, 0
1353, 2, 18, 74, 8, 0, 6.40%, 0, 0, 2, 3.61, 48649, 113, 0, 0
1359, 2, 2, 74, 8, 0, 6.40%, 0, 0, 2, 40.76, 48842, 113, 0, 0
1364, 2, 73, 74, 8, 0, 6.40%, 0, 0, 2, 38.53, 49042, 113, 0, 0
1369, 2, 73, 74, 8, 0, 6.40%, 0, 0, 2, 35.44, 49220, 113, 0, 0
1374, 2, 73, 74, 8, 0, 6.40%, 0, 0, 2, 35.00, 49387, 113, 0, 0
1379, 2, 41, 74, 7, 0, 6.40%, 0, 0, 2, 37.42, 49582, 113, 0, 0
1384, 2, 41, 74, 7, 0, 6.40%, 0, 0, 2, 35.25, 49762, 113, 0, 0
1389, 2, 12, 74, 6, 0, 6.40%, 0, 0, 2, 41.47, 49977, 113, 0, 0
1394, 2, 23, 74, 6, 0, 6.40%, 0, 0, 2, 42.57, 50198, 113, 0, 0
1399, 2, 18, 74, 6, 0, 6.40%, 0, 0, 2, 45.45, 50431, 113, 0, 0
1405, 2, 60, 74, 6, 0, 6.40%, 0, 0, 2, 36.83, 50624, 113, 0, 0
1410, 2, 60, 74, 6, 0, 6.40%, 0, 0, 2, 31.47, 50761, 113, 0, 0
1415, 2, 60, 74, 6, 0, 6.40%, 0, 0, 2, 27.29, 50894, 113, 0, 0
1420, 2, 60, 74, 6, 0, 6.40%, 0, 0, 2, 26.75, 51026, 113, 0, 0
1425, 2, 60, 74, 6, 0, 6.40%, 0, 0, 2, 0.99, 51049, 113, 0, 0
27736, 2, 60, 74, 6, 0, 6.40%, 0, 0, 2, 0.00, 51068, 113, 0, 0
27741, 2, 60, 74, 6, 0, 6.40%, 0, 0, 2, 12.87, 51134, 113, 0, 0
27747, 2, 60, 74, 6, 0, 6.40%, 0, 0, 2, 2.22, 51143, 113, 0, 0
27752, 2, 60, 74, 6, 0, 6.40%, 0, 0, 2, 4.71, 51169, 113, 0, 0
27757, 2, 60, 74, 6, 0, 6.40%, 0, 0, 2, 7.06, 51206, 113, 0, 0
27762, 2, 60, 74, 6, 0, 6.40%, 0, 0, 2, 6.89, 51241, 113, 0, 0
27767, 2, 60, 74, 6, 0, 6.40%, 0, 0, 2, 7.10, 51275, 113, 0, 0
27772, 2, 60, 74, 6, 0, 6.40%, 0, 0, 2, 8.84, 51319, 113, 0, 0
27778, 2, 60, 74, 6, 0, 6.40%, 0, 0, 2, 15.36, 51404, 113, 0, 0
27783, 2, 60, 74, 6, 0, 6.40%, 0, 0, 2, 17.07, 51496, 113, 0, 0
27788, 2, 60, 74, 6, 0, 6.40%, 0, 0, 2, 16.66, 51578, 113, 0, 0
27793, 2, 60, 74, 6, 0, 6.40%, 0, 0, 2, 18.54, 51668, 113, 0, 0
27798, 2, 22, 74, 5, 0, 6.40%, 0, 0, 2, 29.04, 51814, 113, 0, 0
27803, 2, 40, 74, 5, 0, 6.40%, 0, 0, 2, 34.93, 51992, 113, 0, 0
27808, 2, 13, 74, 5, 0, 6.40%, 0, 0, 2, 37.67, 52168, 113, 0, 0
27813, 2, 20, 74, 5, 0, 6.40%, 0, 0, 2, 35.99, 52340, 113, 0, 0
27818, 2, 23, 74, 5, 0, 6.40%, 0, 0, 2, 35.71, 52528, 113, 0, 0
27824, 2, 34, 74, 5, 0, 6.40%, 0, 0, 2, 35.32, 52715, 113, 0, 0
27829, 2, 22, 74, 5, 0, 6.40%, 0, 0, 2, 35.60, 52899, 113, 0, 0
27834, 2, 0, 74, 5, 0, 6.40%, 0, 0, 2, 37.51, 53094, 113, 0, 0
27839, 2, 27, 74, 5, 0, 6.40%, 0, 0, 2, 38.54, 53291, 113, 0, 0
27844, 2, 8, 74, 5, 0, 6.40%, 0, 0, 2, 29.41, 53436, 113, 0, 0
27850, 2, 8, 74, 5, 0, 6.40%, 0, 0, 2, 18.48, 53508, 113, 0, 0
27855, 2, 8, 74, 5, 0, 6.40%, 0, 0, 2, 13.42, 53568, 113, 0, 0
27860, 2, 8, 74, 5, 0, 6.40%, 0, 0, 2, 15.45, 53640, 113, 0, 0
27865, 2, 8, 74, 5, 0, 6.40%, 0, 0, 2, 18.14, 53729, 113, 0, 0
27870, 2, 8, 74, 5, 0, 6.40%, 0, 0, 2, 20.31, 53823, 113, 0, 0
27875, 2, 8, 74, 5, 0, 6.40%, 0, 0, 2, 38.81, 54000, 113, 0, 0
27880, 2, 8, 74, 5, 0, 6.40%, 0, 0, 2, 40.73, 54213, 113, 0, 0
27886, 2, 8, 74, 5, 0, 6.40%, 0, 0, 2, 37.43, 54400, 113, 0, 0
27891, 2, 23, 74, 4, 0, 6.40%, 0, 0, 2, 33.50, 54568, 113, 0, 0
27896, 2, 9, 74, 4, 0, 6.40%, 0, 0, 2, 43.83, 54795, 113, 0, 0
27901, 2, 9, 74, 4, 0, 6.40%, 0, 0, 2, 38.68, 54987, 113, 0, 0
27906, 2, 9, 74, 4, 0, 6.40%, 0, 0, 2, 38.80, 55185, 113, 0, 0
27911, 2, 9, 74, 4, 0, 6.40%, 0, 0, 2, 38.93, 55382, 113, 0, 0
27916, 2, 9, 74, 4, 0, 6.40%, 0, 0, 2, 37.86, 55573, 113, 0, 0
27921, 2, 9, 74, 4, 0, 6.40%, 0, 0, 2, 39.46, 55774, 113, 0, 0
27926, 2, 54, 74, 3, 0, 6.40%, 0, 0, 2, 40.60, 55983, 113, 0, 0
27931, 3, 40, 74, 2, 0, 6.40%, 0, 0, 2, 39.69, 56188, 113, 0, 0
27937, 3, 69, 74, 2, 0, 6.40%, 0, 0, 2, 42.31, 56404, 113, 0, 0
27942, 3, 5, 74, 2, 0, 6.40%, 0, 0, 2, 43.13, 56627, 113, 0, 0
27947, 3, 11, 74, 2, 0, 6.40%, 0, 0, 2, 39.95, 56829, 113, 0, 0
27952, 3, 12, 74, 1, 0, 6.40%, 0, 0, 2, 41.94, 57045, 113, 0, 0
27957, 3, 31, 74, 1, 0, 6.40%, 0, 0, 2, 47.86, 57283, 113, 0, 0
27962, 3, 70, 74, 1, 0, 6.40%, 0, 0, 2, 41.00, 57489, 113, 0, 0
27967, 3, 20, 74, 1, 0, 6.40%, 0, 0, 2, 44.29, 57717, 113, 0, 0
27972, 3, 23, 74, 1, 0, 6.40%, 0, 0, 2, 41.03, 57918, 113, 0, 0
27977, 3, 15, 74, 1, 0, 6.40%, 0, 0, 2, 40.99, 58128, 113, 0, 0
27982, 3, 70, 74, 1, 0, 6.40%, 0, 0, 2, 44.03, 58354, 113, 0, 0
27987, 3, 52, 74, 1, 0, 6.40%, 0, 0, 2, 40.59, 58557, 113, 0, 0
27993, 3, 27, 74, 1, 0, 6.40%, 0, 0, 2, 40.33, 58767, 113, 0, 0
27998, 3, 31, 74, 1, 0, 6.40%, 0, 0, 2, 40.19, 58968, 113, 0, 0
28003, 3, 70, 74, 1, 0, 6.40%, 0, 0, 2, 42.21, 59188, 113, 0, 0
28008, 3, 34, 74, 1, 0, 6.40%, 0, 0, 2, 42.16, 59402, 113, 0, 0
28013, 3, 18, 74, 1, 0, 6.40%, 0, 0, 2, 42.52, 59617, 113, 0, 0
28018, 3, 15, 74, 1, 0, 6.40%, 0, 0, 2, 42.55, 59836, 113, 0, 0
28023, 3, 57, 74, 1, 0, 6.40%, 0, 0, 2, 42.04, 60055, 113, 0, 0
28028, 3, 34, 74, 1, 0, 6.40%, 0, 0, 2, 41.64, 60268, 113, 0, 0
28033, 4, 13, 74, 1, 0, 6.40%, 0, 0, 2, 42.89, 60481, 113, 0, 0
28038, 4, 14, 74, 1, 0, 6.40%, 0, 0, 2, 26.21, 60672, 113, 0, 0
28043, 4, 14, 74, 1, 0, 6.40%, 0, 0, 2, 37.51, 60876, 113, 0, 0
28049, 4, 14, 74, 1, 0, 6.40%, 0, 0, 2, 36.42, 61059, 113, 0, 0
28054, 4, 53, 74, 1, 0, 6.40%, 0, 0, 2, 38.17, 61255, 113, 0, 0
28059, 4, 51, 74, 0, 0, 6.40%, 0, 0, 2, 42.06, 61470, 113, 0, 0
28064, 4, 23, 74, 0, 0, 6.40%, 0, 0, 2, 39.05, 61661, 113, 0, 0
28069, 4, 0, 74, 0, 0, 6.40%, 0, 0, 2, 40.63, 61872, 113, 0, 0
28074, 4, 12, 74, 0, 0, 6.40%, 0, 0, 2, 43.39, 62098, 113, 0, 0
28079, 4, 18, 74, 0, 0, 6.40%, 0, 0, 2, 39.31, 62289, 113, 0, 0
28084, 4, 16, 74, 0, 0, 6.40%, 0, 0, 2, 37.60, 62481, 113, 0, 0
28089, 4, 24, 74, 0, 0, 6.40%, 0, 0, 2, 40.21, 62686, 113, 0, 0
28094, 4, 12, 74, 0, 0, 6.40%, 0, 0, 2, 38.61, 62880, 113, 0, 0
28100, 4, 23, 74, 0, 0, 6.40%, 0, 0, 2, 39.42, 63090, 113, 0, 0
28105, 4, 22, 74, 0, 0, 6.40%, 0, 0, 2, 41.13, 63299, 113, 0, 0
28110, 4, 15, 74, 0, 0, 6.40%, 0, 0, 2, 41.91, 63509, 113, 0, 0
28115, 4, 22, 74, 0, 0, 6.40%, 0, 0, 2, 40.24, 63724, 113, 0, 0
28120, 4, 3, 74, 0, 0, 6.40%, 0, 0, 2, 40.62, 63928, 113, 0, 0
28125, 4, 0, 74, 0, 0, 6.40%, 0, 0, 2, 42.62, 64146, 113, 0, 0
28130, 4, 41, 74, 0, 0, 6.40%, 0, 0, 2, 45.93, 64383, 113, 0, 0
28135, 4, 15, 74, 0, 0, 6.40%, 0, 0, 2, 42.63, 64589, 113, 0, 0
28140, 5, 14, 74, 0, 0, 6.40%, 0, 0, 2, 44.32, 64815, 113, 0, 0
28145, 5, 17, 74, 0, 0, 6.40%, 0, 0, 2, 42.60, 65016, 113, 0, 0
28150, 5, 24, 74, 0, 0, 6.40%, 0, 0, 2, 44.41, 65245, 113, 0, 0
28156, 5, 69, 74, 0, 0, 6.40%, 0, 0, 2, 42.51, 65464, 113, 0, 0
28161, 5, 16, 74, 0, 0, 6.40%, 0, 0, 2, 47.09, 65692, 113, 0, 0
28166, 5, 27, 74, 0, 0, 6.40%, 0, 0, 2, 43.47, 65906, 113, 0, 0
28171, 5, 18, 74, 0, 0, 6.40%, 0, 0, 2, 43.08, 66120, 113, 0, 0
28176, 5, 27, 74, 0, 0, 6.40%, 0, 0, 2, 42.50, 66331, 113, 0, 0
28181, 5, 16, 74, 0, 0, 6.40%, 0, 0, 2, 43.25, 66550, 113, 0, 0
28186, 5, 22, 74, 0, 0, 6.40%, 0, 0, 2, 28.27, 66745, 113, 0, 0
28191, 5, 14, 74, 0, 0, 6.40%, 0, 0, 2, 38.40, 66951, 113, 0, 0
28196, 5, 31, 74, 0, 0, 6.40%, 0, 0, 2, 42.97, 67173, 113, 0, 0
28201, 5, 57, 74, 0, 0, 6.40%, 0, 0, 2, 41.85, 67386, 113, 0, 0
28206, 5, 70, 74, 0, 0, 6.40%, 0, 0, 2, 41.54, 67592, 113, 0, 0
28211, 5, 15, 74, 0, 0, 6.40%, 0, 0, 2, 44.13, 67830, 113, 0, 0
28216, 5, 14, 74, 0, 0, 6.40%, 0, 0, 2, 43.45, 68048, 113, 0, 0
28221, 5, 69, 74, 0, 0, 6.40%, 0, 0, 2, 40.67, 68251, 113, 0, 0
28227, 5, 65, 74, 0, 0, 6.40%, 0, 0, 2, 44.59, 68479, 113, 0, 0
28232, 5, 18, 74, 0, 0, 6.40%, 0, 0, 2, 43.85, 68701, 113, 0, 0
28237, 6, 24, 74, 0, 0, 6.40%, 0, 0, 2, 42.50, 68917, 113, 0, 0
28242, 6, 46, 74, 0, 0, 6.40%, 0, 0, 2, 44.59, 69144, 113, 0, 0
28247, 6, 41, 74, 0, 0, 6.40%, 0, 0, 2, 41.61, 69357, 113, 0, 0
28252, 6, 72, 74, 0, 0, 6.40%, 0, 0, 2, 41.91, 69571, 113, 0, 0
28257, 6, 23, 74, 0, 0, 6.40%, 0, 0, 2, 39.09, 69768, 113, 0, 0
28262, 6, 27, 74, 0, 0, 6.40%, 0, 0, 2, 42.66, 69986, 113, 0, 0
28267, 6, 23, 74, 0, 0, 6.40%, 0, 0, 2, 40.32, 70188, 113, 0, 0
28272, 6, 1, 74, 0, 0, 6.40%, 0, 0, 2, 42.46, 70403, 113, 0, 0
28277, 6, 5, 74, 0, 0, 6.40%, 0, 0, 2, 43.26, 70625, 113, 0, 0
28282, 6, 69, 74, 0, 0, 6.40%, 0, 0, 2, 41.41, 70837, 113, 0, 0
28287, 6, 24, 74, 0, 0, 6.40%, 0, 0, 2, 36.87, 71021, 113, 0, 0
28293, 6, 22, 74, 0, 0, 6.40%, 0, 0, 2, 37.57, 71216, 113, 0, 0
28298, 6, 13, 74, 0, 0, 6.40%, 0, 0, 2, 39.93, 71422, 113, 0, 0
28303, 6, 3, 74, 0, 0, 6.40%, 0, 0, 2, 37.71, 71612, 113, 0, 0
28308, 6, 65, 74, 0, 0, 6.40%, 0, 0, 2, 40.43, 71816, 113, 0, 0
28313, 6, 51, 74, 0, 0, 6.40%, 0, 0, 2, 39.42, 72015, 113, 0, 0
28318, 6, 65, 74, 0, 0, 6.40%, 0, 0, 2, 38.86, 72212, 113, 0, 0
28323, 6, 31, 74, 0, 0, 6.40%, 0, 0, 2, 37.70, 72401, 113, 0, 0
28329, 6, 14, 74, 0, 0, 6.40%, 0, 0, 2, 36.97, 72598, 113, 0, 0
28334, 7, 51, 74, 0, 0, 6.40%, 0, 0, 2, 40.44, 72809, 113, 0, 0
28339, 7, 20, 74, 0, 0, 6.40%, 0, 0, 2, 37.61, 73001, 113, 0, 0
28344, 7, 14, 74, 0, 0, 6.40%, 0, 0, 2, 37.98, 73187, 113, 0, 0
28349, 7, 27, 74, 0, 0, 6.40%, 0, 0, 2, 5.05, 73276, 113, 0, 0
28354, 7, 27, 74, 0, 0, 6.40%, 0, 0, 2, 5.14, 73297, 113, 0, 0
28359, 7, 27, 74, 0, 0, 6.40%, 0, 0, 2, 5.86, 73328, 113, 0, 0
28364, 7, 13, 74, 0, 0, 6.40%, 0, 0, 2, 5.15, 73351, 113, 0, 0
28369, 7, 14, 74, 0, 0, 6.40%, 0, 0, 2, 36.25, 73480, 113, 0, 0
28374, 7, 18, 74, 0, 0, 6.40%, 0, 0, 2, 0.91, 73561, 113, 0, 0
38846, 7, 18, 74, 0, 0, 6.40%, 0, 0, 2, 0.00, 73570, 113, 0, 0
38851, 7, 13, 74, 0, 0, 6.40%, 0, 0, 2, 31.08, 73696, 113, 0, 0
38856, 7, 22, 74, 0, 0, 6.40%, 0, 0, 2, 5.38, 73813, 113, 0, 0
38861, 7, 3, 74, 0, 0, 6.40%, 0, 0, 2, 6.97, 73842, 113, 0, 0
38867, 7, 69, 74, 0, 0, 6.40%, 0, 0, 2, 28.64, 73977, 113, 0, 0
38871, 7, 24, 74, 0, 0, 6.40%, 0, 0, 2, 36.35, 74157, 113, 0, 0
38932, 10, 50, 74, 0, 0, 6.40%, 0, 0, 2, 37.77, 76528, 113, 0, 0
38937, 10, 56, 74, 0, 0, 6.40%, 0, 0, 2, 41.20, 76739, 113, 0, 0
38942, 10, 10, 74, 0, 0, 6.40%, 0, 0, 2, 29.77, 76885, 113, 0, 0
38947, 11, 34, 74, 0, 0, 6.40%, 0, 0, 2, 31.34, 77032, 113, 0, 0
38952, 11, 14, 74, 0, 0, 6.40%, 0, 0, 2, 27.08, 77151, 113, 0, 0
38958, 11, 71, 74, 0, 0, 6.40%, 0, 0, 2, 22.68, 77248, 113, 0, 0
38963, 11, 12, 74, 0, 0, 6.40%, 0, 0, 2, 29.25, 77404, 113, 0, 0
38968, 11, 47, 74, 0, 0, 6.40%, 0, 0, 2, 34.11, 77586, 113, 0, 0
38973, 11, 64, 74, 0, 0, 6.40%, 0, 0, 2, 27.77, 77703, 113, 0, 0
38978, 11, 18, 74, 0, 0, 6.40%, 0, 0, 2, 20.19, 77793, 113, 0, 0
38983, 12, 35, 74, 0, 0, 6.40%, 0, 0, 2, 17.37, 77872, 113, 0, 0
38988, 12, 34, 74, 0, 0, 6.40%, 0, 0, 2, 17.70, 77969, 113, 0, 0
38993, 12, 40, 74, 0, 0, 6.40%, 0, 0, 2, 14.11, 78039, 113, 0, 0
38999, 12, 41, 74, 0, 0, 6.40%, 0, 0, 2, 18.91, 78123, 113, 0, 0
39004, 12, 4, 74, 0, 0, 6.40%, 0, 0, 2, 20.33, 78235, 113, 0, 0
39009, 12, 28, 74, 0, 0, 6.40%, 0, 0, 2, 25.26, 78366, 113, 0, 0
39014, 12, 72, 74, 0, 0, 6.40%, 0, 0, 2, 26.60, 78505, 113, 0, 0
39019, 12, 17, 74, 0, 0, 6.40%, 0, 0, 2, 30.45, 78664, 113, 0, 0
39024, 13, 70, 74, 0, 0, 6.40%, 0, 0, 2, 27.19, 78797, 113, 0, 0
39029, 13, 34, 74, 0, 0, 6.40%, 0, 0, 2, 27.13, 78928, 113, 0, 0
39035, 13, 57, 74, 0, 0, 6.40%, 0, 0, 2, 25.76, 79056, 113, 0, 0
39040, 13, 32, 74, 0, 0, 6.40%, 0, 0, 2, 28.62, 79201, 113, 0, 0
39045, 13, 19, 74, 0, 0, 6.40%, 0, 0, 2, 23.96, 79321, 113, 0, 0
39050, 13, 12, 74, 0, 0, 6.40%, 0, 0, 2, 25.58, 79452, 113, 0, 0
39055, 13, 47, 74, 0, 0, 6.40%, 0, 0, 2, 21.91, 79545, 113, 0, 0
39060, 14, 15, 74, 0, 0, 6.40%, 0, 0, 2, 22.39, 79655, 113, 0, 0
39065, 14, 3, 74, 0, 0, 6.40%, 0, 0, 2, 19.38, 79754, 113, 0, 0
39070, 14, 47, 74, 0, 0, 6.40%, 0, 0, 2, 25.08, 79895, 113, 0, 0
39075, 14, 2, 74, 0, 0, 6.40%, 0, 0, 2, 24.05, 80006, 113, 0, 0
39080, 14, 19, 74, 0, 0, 6.40%, 0, 0, 2, 26.51, 80149, 113, 0, 0
39085, 14, 59, 74, 0, 0, 6.40%, 0, 0, 2, 25.80, 80281, 113, 0, 0
39090, 14, 56, 74, 0, 0, 6.40%, 0, 0, 2, 23.23, 80375, 113, 0, 0
39096, 14, 54, 74, 0, 0, 6.40%, 0, 0, 2, 25.96, 80503, 113, 0, 0
39101, 15, 41, 74, 0, 0, 6.40%, 0, 0, 2, 22.84, 80598, 113, 0, 0
39106, 15, 63, 74, 0, 0, 6.40%, 0, 0, 2, 25.95, 80729, 113, 0, 0
39111, 15, 22, 74, 0, 0, 6.40%, 0, 0, 2, 28.00, 80869, 113, 0, 0
39116, 15, 31, 74, 0, 0, 6.40%, 0, 0, 2, 28.09, 81009, 113, 0, 0
39121, 15, 39, 74, 0, 0, 6.40%, 0, 0, 2, 26.50, 81141, 113, 0, 0
39126, 15, 2, 74, 0, 0, 6.40%, 0, 0, 2, 18.94, 81220, 113, 0, 0
39131, 15, 56, 74, 0, 0, 6.40%, 0, 0, 2, 22.52, 81327, 113, 0, 0
39136, 16, 51, 74, 0, 0, 6.40%, 0, 0, 2, 27.42, 81479, 113, 0, 0
39141, 16, 37, 74, 0, 0, 6.40%, 0, 0, 2, 24.22, 81600, 113, 0, 0
39146, 16, 21, 74, 0, 0, 6.40%, 0, 0, 2, 21.87, 81713, 113, 0, 0
39152, 16, 58, 74, 0, 0, 6.40%, 0, 0, 2, 26.91, 81852, 113, 0, 0
39157, 16, 28, 74, 0, 0, 6.40%, 0, 0, 2, 17.53, 81962, 113, 0, 0
39162, 16, 59, 74, 0, 0, 6.40%, 0, 0, 2, 22.02, 82065, 113, 0, 0
39167, 16, 63, 74, 0, 0, 6.40%, 0, 0, 2, 24.90, 82195, 113, 0, 0
39172, 16, 59, 74, 0, 0, 6.40%, 0, 0, 2, 21.63, 82293, 113, 0, 0
39177, 17, 48, 74, 0, 0, 6.40%, 0, 0, 2, 22.77, 82409, 113, 0, 0
39182, 17, 35, 74, 0, 0, 6.40%, 0, 0, 2, 22.89, 82545, 113, 0, 0
39187, 17, 12, 74, 0, 0, 6.40%, 0, 0, 2, 24.89, 82674, 113, 0, 0
39193, 17, 70, 74, 0, 0, 6.40%, 0, 0, 2, 26.17, 82805, 113, 0, 0
39198, 17, 56, 74, 0, 0, 6.40%, 0, 0, 2, 28.88, 82954, 113, 0, 0
39203, 17, 25, 74, 0, 0, 6.40%, 0, 0, 2, 5.87, 83070, 113, 0, 0
39208, 17, 65, 74, 0, 0, 6.40%, 0, 0, 2, 19.00, 83178, 113, 0, 0
39213, 18, 1, 74, 0, 0, 6.40%, 0, 0, 2, 23.12, 83301, 113, 0, 0
39218, 18, 34, 74, 0, 0, 6.40%, 0, 0, 2, 23.74, 83410, 113, 0, 0
39223, 18, 44, 74, 0, 0, 6.40%, 0, 0, 2, 23.37, 83527, 113, 0, 0
39228, 18, 50, 74, 0, 0, 6.40%, 0, 0, 2, 22.45, 83641, 113, 0, 0
39233, 18, 71, 74, 0, 0, 6.40%, 0, 0, 2, 20.90, 83743, 113, 0, 0
39239, 18, 71, 74, 0, 0, 6.40%, 0, 0, 2, 25.14, 83875, 113, 0, 0
39244, 18, 71, 74, 0, 0, 6.40%, 0, 0, 2, 24.32, 83973, 113, 0, 0
39249, 18, 2, 74, 0, 0, 6.40%, 0, 0, 2, 21.31, 84078, 113, 0, 0
39254, 18, 72, 74, 0, 0, 6.40%, 0, 0, 2, 22.57, 84187, 113, 0, 0
39259, 19, 27, 74, 0, 0, 6.40%, 0, 0, 2, 22.51, 84301, 113, 0, 0
39264, 19, 66, 74, 0, 0, 6.40%, 0, 0, 2, 24.41, 84422, 113, 0, 0
39269, 19, 48, 74, 0, 0, 6.40%, 0, 0, 2, 28.33, 84566, 113, 0, 0
39274, 19, 69, 74, 0, 0, 6.40%, 0, 0, 2, 27.91, 84705, 113, 0, 0
39279, 19, 32, 74, 0, 0, 6.40%, 0, 0, 2, 27.66, 84846, 113, 0, 0
39284, 19, 32, 74, 0, 0, 6.40%, 0, 0, 2, 26.81, 84984, 113, 0, 0
39289, 20, 5, 74, 0, 0, 6.40%, 0, 0, 2, 29.19, 85137, 113, 0, 0
39294, 20, 45, 74, 0, 0, 6.40%, 0, 0, 2, 24.50, 85253, 113, 0, 0
39300, 20, 45, 74, 0, 0, 6.40%, 0, 0, 2, 22.92, 85360, 113, 0, 0
39305, 20, 12, 74, 0, 0, 6.40%, 0, 0, 2, 24.49, 85472, 113, 0, 0
39310, 20, 17, 74, 0, 0, 6.40%, 0, 0, 2, 28.06, 85620, 113, 0, 0
39315, 20, 39, 74, 0, 0, 6.40%, 0, 0, 2, 27.22, 85755, 113, 0, 0
39320, 20, 46, 74, 0, 0, 6.40%, 0, 0, 2, 28.34, 85893, 113, 0, 0
39325, 20, 47, 74, 0, 0, 6.40%, 0, 0, 2, 25.93, 86022, 113, 0, 0
39330, 21, 17, 74, 0, 0, 6.40%, 0, 0, 2, 25.34, 86148, 113, 0, 0
39336, 21, 6, 74, 0, 0, 6.40%, 0, 0, 2, 25.72, 86284, 113, 0, 0
39341, 21, 45, 74, 0, 0, 6.40%, 0, 0, 2, 26.72, 86369, 113, 0, 0
39346, 21, 25, 74, 0, 0, 6.40%, 0, 0, 2, 27.28, 86512, 113, 0, 0
39351, 21, 66, 74, 0, 0, 6.40%, 0, 0, 2, 28.09, 86661, 113, 0, 0
39356, 21, 7, 74, 0, 0, 6.40%, 0, 0, 2, 25.76, 86787, 113, 0, 0
39361, 21, 26, 74, 0, 0, 6.40%, 0, 0, 2, 23.29, 86909, 113, 0, 0
39366, 22, 58, 74, 0, 0, 6.40%, 0, 0, 2, 25.56, 87035, 113, 0, 0
39371, 22, 10, 74, 0, 0, 6.40%, 0, 0, 2, 27.03, 87172, 113, 0, 0
39377, 22, 71, 74, 0, 0, 6.40%, 0, 0, 2, 27.04, 87306, 113, 0, 0
39382, 22, 28, 74, 0, 0, 6.40%, 0, 0, 2, 5.54, 87429, 113, 0, 0
39387, 22, 10, 74, 0, 0, 6.40%, 0, 0, 2, 13.79, 87510, 113, 0, 0
39392, 22, 37, 74, 0, 0, 6.40%, 0, 0, 2, 20.07, 87623, 113, 0, 0
39397, 22, 52, 74, 0, 0, 6.40%, 0, 0, 2, 23.85, 87744, 113, 0, 0
39402, 23, 6, 74, 0, 0, 6.40%, 0, 0, 2, 26.41, 87883, 113, 0, 0
39408, 23, 6, 74, 0, 0, 6.40%, 0, 0, 2, 3.44, 87952, 113, 0, 0
39413, 23, 5, 74, 0, 0, 6.40%, 0, 0, 2, 22.26, 88047, 113, 0, 0
39418, 23, 21, 74, 0, 0, 6.40%, 0, 0, 2, 18.98, 88142, 113, 0, 0
39423, 23, 36, 74, 0, 0, 6.40%, 0, 0, 2, 24.43, 88274, 113, 0, 0
39428, 23, 56, 74, 0, 0, 6.40%, 0, 0, 2, 25.70, 88402, 113, 0, 0
39433, 23, 56, 74, 0, 0, 6.40%, 0, 0, 2, 28.33, 88553, 113, 0, 0
39438, 23, 2, 74, 0, 0, 6.40%, 0, 0, 2, 21.96, 88645, 113, 0, 0
39443, 24, 10, 74, 0, 0, 6.40%, 0, 0, 2, 24.98, 88775, 113, 0, 0
39448, 24, 7, 74, 0, 0, 6.40%, 0, 0, 2, 23.62, 88898, 113, 0, 0
39454, 24, 47, 74, 0, 0, 6.40%, 0, 0, 2, 22.71, 89012, 113, 0, 0
39459, 24, 6, 74, 0, 0, 6.40%, 0, 0, 2, 25.90, 89144, 113, 0, 0
39464, 24, 56, 74, 0, 0, 6.40%, 0, 0, 2, 24.76, 89278, 113, 0, 0
39469, 24, 48, 74, 0, 0, 6.40%, 0, 0, 2, 20.97, 89382, 113, 0, 0
39474, 24, 56, 74, 0, 0, 6.40%, 0, 0, 2, 27.71, 89528, 113, 0, 0
39479, 24, 13, 74, 0, 0, 6.40%, 0, 0, 2, 26.48, 89662, 113, 0, 0
39484, 25, 28, 74, 0, 0, 6.40%, 0, 0, 2, 25.26, 89790, 113, 0, 0
39489, 25, 71, 74, 0, 0, 6.40%, 0, 0, 2, 27.64, 89928, 113, 0, 0
39495, 25, 20, 74, 0, 0, 6.40%, 0, 0, 2, 27.50, 90071, 113, 0, 0
39500, 25, 21, 74, 0, 0, 6.40%, 0, 0, 2, 26.72, 90212, 113, 0, 0
39505, 25, 54, 74, 0, 0, 6.40%, 0, 0, 2, 28.84, 90360, 113, 0, 0
39510, 25, 31, 74, 0, 0, 6.40%, 0, 0, 2, 29.46, 90513, 113, 0, 0
39515, 26, 41, 74, 0, 0, 6.40%, 0, 0, 2, 28.82, 90659, 113, 0, 0
39520, 26, 0, 74, 0, 0, 6.40%, 0, 0, 2, 24.00, 90765, 113, 0, 0
39525, 26, 31, 74, 0, 0, 6.40%, 0, 0, 2, 14.74, 90870, 113, 0, 0
39531, 26, 63, 74, 0, 0, 6.40%, 0, 0, 2, 20.16, 90982, 113, 0, 0
39536, 26, 5, 74, 0, 0, 6.40%, 0, 0, 2, 21.61, 91090, 113, 0, 0
39541, 26, 35, 74, 0, 0, 6.40%, 0, 0, 2, 21.42, 91198, 113, 0, 0
39546, 26, 59, 74, 0, 0, 6.40%, 0, 0, 2, 25.34, 91331, 113, 0, 0
39551, 26, 12, 74, 0, 0, 6.40%, 0, 0, 2, 25.68, 91466, 113, 0, 0
39556, 27, 4, 74, 0, 0, 6.40%, 0, 0, 2, 27.50, 91604, 113, 0, 0
39561, 27, 7, 74, 0, 0, 6.40%, 0, 0, 2, 28.15, 91752, 113, 0, 0
39566, 27, 39, 74, 0, 0, 6.40%, 0, 0, 2, 26.79, 91890, 113, 0, 0
39571, 27, 13, 74, 0, 0, 6.40%, 0, 0, 2, 26.30, 92022, 113, 0, 0
39576, 27, 20, 74, 0, 0, 6.40%, 0, 0, 2, 28.31, 92171, 113, 0, 0
39581, 27, 0, 74, 0, 0, 6.40%, 0, 0, 2, 6.94, 92271, 113, 0, 0
39586, 27, 47, 74, 0, 0, 6.40%, 0, 0, 2, 20.30, 92392, 113, 0, 0
39592, 28, 35, 74, 0, 0, 6.40%, 0, 0, 2, 25.53, 92528, 113, 0, 0
39597, 28, 4, 74, 0, 0, 6.40%, 0, 0, 2, 28.02, 92671, 113, 0, 0
39602, 28, 69, 74, 0, 0, 6.40%, 0, 0, 2, 30.93, 92827, 113, 0, 0
39607, 28, 21, 74, 0, 0, 6.40%, 0, 0, 2, 24.35, 92949, 113, 0, 0
39612, 28, 54, 74, 0, 0, 6.40%, 0, 0, 2, 25.01, 93072, 113, 0, 0
39617, 28, 61, 74, 0, 0, 6.40%, 0, 0, 2, 26.33, 93214, 113, 0, 0
39622, 29, 17, 74, 0, 0, 6.40%, 0, 0, 2, 12.62, 93329, 113, 0, 0
39628, 29, 50, 74, 0, 0, 6.40%, 0, 0, 2, 21.70, 93458, 113, 0, 0
39633, 29, 10, 74, 0, 0, 6.40%, 0, 0, 2, 25.36, 93595, 113, 0, 0
39638, 29, 63, 74, 0, 0, 6.40%, 0, 0, 2, 23.51, 93713, 113, 0, 0
39643, 29, 62, 74, 0, 0, 6.40%, 0, 0, 2, 29.31, 93870, 113, 0, 0
39648, 29, 25, 74, 0, 0, 6.40%, 0, 0, 2, 23.10, 93981, 113, 0, 0
39653, 29, 10, 74, 0, 0, 6.40%, 0, 0, 2, 24.81, 94106, 113, 0, 0
39658, 30, 15, 74, 0, 0, 6.40%, 0, 0, 2, 25.75, 94246, 113, 0, 0
39663, 30, 15, 74, 0, 0, 6.40%, 0, 0, 2, 23.45, 94366, 113, 0, 0
39668, 30, 66, 74, 0, 0, 6.40%, 0, 0, 2, 14.81, 94455, 113, 0, 0
39674, 30, 38, 74, 0, 0, 6.40%, 0, 0, 2, 23.78, 94596, 113, 0, 0
39679, 30, 38, 74, 0, 0, 6.40%, 0, 0, 2, 40.26, 94712, 113, 0, 0
39684, 30, 65, 74, 0, 0, 6.40%, 0, 0, 2, 29.97, 94853, 113, 0, 0
39689, 30, 64, 74, 0, 0, 6.40%, 0, 0, 2, 27.76, 94992, 113, 0, 0
39694, 30, 38, 74, 0, 0, 6.40%, 0, 0, 2, 25.08, 95119, 113, 0, 0
39699, 31, 35, 74, 0, 0, 6.40%, 0, 0, 2, 24.31, 95243, 113, 0, 0
39704, 31, 5, 74, 0, 0, 6.40%, 0, 0, 2, 28.55, 95390, 113, 0, 0
39710, 31, 29, 74, 0, 0, 6.40%, 0, 0, 2, 26.49, 95526, 113, 0, 0
39715, 31, 2, 74, 0, 0, 6.40%, 0, 0, 2, 26.71, 95663, 113, 0, 0
39720, 31, 10, 74, 0, 0, 6.40%, 0, 0, 2, 26.61, 95781, 113, 0, 0
39725, 31, 18, 74, 0, 0, 6.40%, 0, 0, 2, 26.90, 95914, 113, 0, 0
39730, 31, 36, 74, 0, 0, 6.40%, 0, 0, 2, 27.13, 96048, 113, 0, 0
39735, 32, 52, 74, 0, 0, 6.40%, 0, 0, 2, 25.96, 96179, 113, 0, 0
39740, 32, 40, 74, 0, 0, 6.40%, 0, 0, 2, 18.48, 96247, 113, 0, 0
39745, 32, 1, 74, 0, 0, 6.40%, 0, 0, 2, 19.91, 96355, 113, 0, 0
39751, 32, 56, 74, 0, 0, 6.40%, 0, 0, 2, 20.10, 96458, 113, 0, 0
39756, 32, 39, 74, 0, 0, 6.40%, 0, 0, 2, 24.83, 96596, 113, 0, 0
39761, 32, 72, 74, 0, 0, 6.40%, 0, 0, 2, 27.68, 96738, 113, 0, 0
39766, 32, 37, 74, 0, 0, 6.40%, 0, 0, 2, 7.64, 96844, 113, 0, 0
39771, 32, 25, 74, 0, 0, 6.40%, 0, 0, 2, 23.12, 96967, 113, 0, 0
39776, 33, 67, 74, 0, 0, 6.40%, 0, 0, 2, 23.47, 97089, 113, 0, 0
39781, 33, 16, 74, 0, 0, 6.40%, 0, 0, 2, 22.38, 97205, 113, 0, 0
39786, 33, 10, 74, 0, 0, 6.40%, 0, 0, 2, 4.18, 97318, 113, 0, 0
39791, 33, 1, 74, 0, 0, 6.40%, 0, 0, 2, 22.95, 97389, 113, 0, 0
39797, 33, 64, 74, 0, 0, 6.40%, 0, 0, 2, 21.92, 97496, 113, 0, 0
39802, 33, 63, 74, 0, 0, 6.40%, 0, 0, 2, 25.05, 97634, 113, 0, 0
39807, 33, 10, 74, 0, 0, 6.40%, 0, 0, 2, 24.65, 97744, 113, 0, 0
39812, 34, 15, 74, 0, 0, 6.40%, 0, 0, 2, 26.20, 97882, 113, 0, 0
39817, 34, 35, 74, 0, 0, 6.40%, 0, 0, 2, 25.00, 98006, 113, 0, 0
39822, 34, 11, 74, 0, 0, 6.40%, 0, 0, 2, 24.68, 98133, 113, 0, 0
39827, 34, 24, 74, 0, 0, 6.40%, 0, 0, 2, 19.37, 98223, 113, 0, 0
39832, 34, 34, 74, 0, 0, 6.40%, 0, 0, 2, 20.87, 98313, 113, 0, 0
39838, 34, 12, 74, 0, 0, 6.40%, 0, 0, 2, 23.68, 98436, 113, 0, 0
39843, 34, 15, 74, 0, 0, 6.40%, 0, 0, 2, 19.22, 98519, 113, 0, 0
39848, 34, 22, 74, 0, 0, 6.40%, 0, 0, 2, 18.26, 98602, 113, 0, 0
39853, 34, 31, 74, 0, 0, 6.40%, 0, 0, 2, 3.27, 98654, 113, 0, 0
39858, 34, 25, 74, 0, 0, 6.40%, 0, 0, 2, 2.86, 98740, 113, 0, 0
39863, 35, 41, 74, 0, 0, 6.40%, 0, 0, 2, 20.70, 98861, 113, 0, 0
39868, 35, 34, 74, 0, 0, 6.40%, 0, 0, 2, 26.63, 98998, 113, 0, 0
39873, 35, 63, 74, 0, 0, 6.40%, 0, 0, 2, 17.24, 99099, 113, 0, 0
39878, 35, 34, 74, 0, 0, 6.40%, 0, 0, 2, 23.18, 99222, 113, 0, 0
39883, 35, 13, 74, 0, 0, 6.40%, 0, 0, 2, 24.09, 99348, 113, 0, 0
39888, 35, 3, 74, 0, 0, 6.40%, 0, 0, 2, 3.43, 99422, 113, 0, 0
39894, 35, 43, 74, 0, 0, 6.40%, 0, 0, 2, 8.53, 99510, 113, 0, 0
39899, 35, 0, 74, 0, 0, 6.40%, 0, 0, 2, 20.44, 99627, 113, 0, 0
39904, 36, 10, 74, 0, 0, 6.40%, 0, 0, 2, 2.31, 99706, 113, 0, 0
39909, 36, 73, 74, 0, 0, 6.40%, 0, 0, 2, 20.70, 99808, 113, 0, 0
39914, 36, 19, 74, 0, 0, 6.40%, 0, 0, 2, 20.12, 99915, 113, 0, 0
39919, 36, 31, 74, 0, 0, 6.40%, 0, 0, 2, 16.62, 100007, 113, 0, 0
39925, 36, 14, 74, 0, 0, 6.40%, 0, 0, 2, 17.31, 100099, 113, 0, 0
39930, 36, 73, 74, 0, 0, 6.40%, 0, 0, 2, 19.55, 100208, 113, 0, 0
39935, 36, 70, 74, 0, 0, 6.40%, 0, 0, 2, 5.06, 100238, 113, 0, 0
39940, 36, 38, 74, 0, 0, 6.40%, 0, 0, 2, 16.12, 100330, 113, 0, 0
39945, 36, 45, 74, 0, 0, 6.40%, 0, 0, 2, 21.10, 100441, 113, 0, 0
39950, 36, 4, 74, 0, 0, 6.40%, 0, 0, 2, 18.88, 100533, 113, 0, 0
39956, 36, 30, 74, 0, 0, 6.40%, 0, 0, 2, 3.87, 100593, 113, 0, 0
39961, 37, 38, 74, 0, 0, 6.40%, 0, 0, 2, 23.06, 100713, 113, 0, 0
39966, 37, 34, 74, 0, 0, 6.40%, 0, 0, 2, 13.36, 100783, 113, 0, 0
39971, 37, 33, 74, 0, 0, 6.40%, 0, 0, 2, 20.27, 100899, 113, 0, 0
39976, 37, 2, 74, 0, 0, 6.40%, 0, 0, 2, 25.80, 101031, 113, 0, 0
39981, 37, 66, 74, 0, 0, 6.40%, 0, 0, 2, 22.68, 101142, 113, 0, 0
39986, 37, 37, 74, 0, 0, 6.40%, 0, 0, 2, 22.72, 101253, 113, 0, 0
39991, 37, 73, 74, 0, 0, 6.40%, 0, 0, 2, 25.71, 101389, 113, 0, 0
39996, 37, 40, 74, 0, 0, 6.40%, 0, 0, 2, 21.83, 101498, 113, 0, 0
40002, 37, 45, 74, 0, 0, 6.40%, 0, 0, 2, 1.30, 101525, 113, 0, 0
40007, 38, 30, 74, 0, 0, 6.40%, 0, 0, 2, 22.95, 101633, 113, 0, 0
40012, 38, 68, 74, 0, 0, 6.40%, 0, 0, 2, 27.22, 101716, 113, 0, 0
40017, 38, 31, 74, 0, 0, 6.40%, 0, 0, 2, 26.36, 101857, 113, 0, 0
40022, 38, 13, 74, 0, 0, 6.40%, 0, 0, 2, 4.62, 101972, 113, 0, 0
40027, 38, 47, 74, 0, 0, 6.40%, 0, 0, 2, 16.82, 102069, 113, 0, 0
40032, 38, 51, 74, 0, 0, 6.40%, 0, 0, 2, 20.47, 102174, 113, 0, 0
40037, 38, 43, 74, 0, 0, 6.40%, 0, 0, 2, 27.46, 102315, 113, 0, 0
40042, 39, 36, 74, 0, 0, 6.40%, 0, 0, 2, 26.32, 102451, 113, 0, 0
40048, 39, 17, 74, 0, 0, 6.40%, 0, 0, 2, 25.75, 102504, 113, 0, 0
40053, 39, 45, 74, 0, 0, 6.40%, 0, 0, 2, 25.01, 102585, 113, 0, 0
40058, 39, 35, 74, 0, 0, 6.40%, 0, 0, 2, 21.20, 102675, 113, 0, 0
40063, 39, 38, 74, 0, 0, 6.40%, 0, 0, 2, 21.80, 102790, 113, 0, 0
40068, 39, 37, 74, 0, 0, 6.40%, 0, 0, 2, 27.13, 102862, 113, 0, 0
40073, 39, 15, 74, 0, 0, 6.40%, 0, 0, 2, 22.18, 102973, 113, 0, 0
40078, 39, 47, 74, 0, 0, 6.40%, 0, 0, 2, 23.48, 103099, 113, 0, 0
40083, 39, 16, 74, 0, 0, 6.40%, 0, 0, 2, 1.69, 103157, 113, 0, 0
40089, 39, 65, 74, 0, 0, 6.40%, 0, 0, 2, 21.02, 103237, 113, 0, 0
40094, 40, 67, 74, 0, 0, 6.40%, 0, 0, 2, 26.20, 103368, 113, 0, 0
40099, 40, 5, 74, 0, 0, 6.40%, 0, 0, 2, 27.25, 103506, 113, 0, 0
40104, 40, 73, 74, 0, 0, 6.40%, 0, 0, 2, 25.31, 103637, 113, 0, 0
40109, 40, 7, 74, 0, 0, 6.40%, 0, 0, 2, 25.58, 103762, 113, 0, 0
40114, 40, 66, 74, 0, 0, 6.40%, 0, 0, 2, 2.50, 103862, 113, 0, 0
40119, 40, 0, 74, 0, 0, 6.40%, 0, 0, 2, 26.77, 103998, 113, 0, 0
40124, 40, 4, 74, 0, 0, 6.40%, 0, 0, 2, 27.17, 104137, 113, 0, 0
40130, 41, 51, 74, 0, 0, 6.40%, 0, 0, 2, 26.68, 104279, 113, 0, 0
40135, 41, 45, 74, 0, 0, 6.40%, 0, 0, 2, 25.39, 104410, 113, 0, 0
40140, 41, 16, 74, 0, 0, 6.40%, 0, 0, 2, 19.57, 104506, 113, 0, 0
40145, 41, 33, 74, 0, 0, 6.40%, 0, 0, 2, 23.67, 104626, 113, 0, 0
40150, 41, 63, 74, 0, 0, 6.40%, 0, 0, 2, 24.60, 104749, 113, 0, 0
40156, 41, 0, 74, 0, 0, 6.40%, 0, 0, 2, 24.43, 104871, 113, 0, 0
40161, 41, 56, 74, 0, 0, 6.40%, 0, 0, 2, 8.33, 104933, 113, 0, 0
40166, 41, 38, 74, 0, 0, 6.40%, 0, 0, 2, 19.53, 105046, 113, 0, 0
40171, 42, 29, 74, 0, 0, 6.40%, 0, 0, 2, 25.86, 105190, 113, 0, 0
40176, 42, 10, 74, 0, 0, 6.40%, 0, 0, 2, 29.28, 105338, 113, 0, 0
40181, 42, 36, 74, 0, 0, 6.40%, 0, 0, 2, 27.59, 105474, 113, 0, 0
40186, 42, 52, 74, 0, 0, 6.40%, 0, 0, 2, 26.30, 105606, 113, 0, 0
40191, 42, 34, 74, 0, 0, 6.40%, 0, 0, 2, 32.30, 105737, 113, 0, 0
40196, 42, 34, 74, 0, 0, 6.40%, 0, 0, 2, 32.33, 105893, 113, 0, 0
40201, 42, 4, 74, 0, 0, 6.40%, 0, 0, 2, 26.96, 106017, 113, 0, 0
40206, 43, 67, 74, 0, 0, 6.40%, 0, 0, 2, 28.03, 106153, 113, 0, 0
40212, 43, 66, 74, 0, 0, 6.40%, 0, 0, 2, 12.48, 106235, 113, 0, 0
40217, 43, 18, 74, 0, 0, 6.40%, 0, 0, 2, 3.09, 106308, 113, 0, 0
40222, 43, 18, 74, 0, 0, 6.40%, 0, 0, 2, 27.83, 106436, 113, 0, 0
40227, 43, 70, 74, 0, 0, 6.40%, 0, 0, 2, 29.12, 106588, 113, 0, 0
40232, 43, 28, 74, 0, 0, 6.40%, 0, 0, 2, 20.77, 106709, 113, 0, 0
40237, 43, 64, 74, 0, 0, 6.40%, 0, 0, 2, 25.51, 106844, 113, 0, 0
40243, 43, 63, 74, 0, 0, 6.40%, 0, 0, 2, 21.79, 106964, 113, 0, 0
40248, 44, 25, 74, 0, 0, 6.40%, 0, 0, 2, 24.90, 107095, 113, 0, 0
40253, 44, 14, 74, 0, 0, 6.40%, 0, 0, 2, 24.16, 107213, 113, 0, 0
40258, 44, 51, 74, 0, 0, 6.40%, 0, 0, 2, 27.61, 107354, 113, 0, 0
40263, 44, 73, 74, 0, 0, 6.40%, 0, 0, 2, 27.17, 107494, 113, 0, 0
40268, 44, 27, 74, 0, 0, 6.40%, 0, 0, 2, 5.39, 107529, 113, 0, 0
40273, 44, 43, 74, 0, 0, 6.40%, 0, 0, 2, 20.54, 107649, 113, 0, 0
40278, 44, 51, 74, 0, 0, 6.40%, 0, 0, 2, 23.06, 107752, 113, 0, 0
40283, 44, 16, 74, 0, 0, 6.40%, 0, 0, 2, 30.30, 107906, 113, 0, 0
40289, 45, 61, 74, 0, 0, 6.40%, 0, 0, 2, 24.22, 108022, 113, 0, 0
40294, 45, 70, 74, 0, 0, 6.40%, 0, 0, 2, 28.36, 108165, 113, 0, 0
40299, 45, 4, 74, 0, 0, 6.40%, 0, 0, 2, 17.97, 108224, 113, 0, 0
40304, 45, 44, 74, 0, 0, 6.40%, 0, 0, 2, 22.68, 108341, 113, 0, 0
40309, 45, 22, 74, 0, 0, 6.40%, 0, 0, 2, 26.57, 108472, 113, 0, 0
40314, 45, 64, 74, 0, 0, 6.40%, 0, 0, 2, 17.94, 108584, 113, 0, 0
40319, 45, 16, 74, 0, 0, 6.40%, 0, 0, 2, 22.26, 108703, 113, 0, 0
40324, 45, 62, 74, 0, 0, 6.40%, 0, 0, 2, 22.44, 108823, 113, 0, 0
40330, 46, 68, 74, 0, 0, 6.40%, 0, 0, 2, 4.74, 108889, 113, 0, 0
40335, 46, 2, 74, 0, 0, 6.40%, 0, 0, 2, 30.49, 109008, 113, 0, 0
40340, 46, 31, 74, 0, 0, 6.40%, 0, 0, 2, 8.82, 109058, 113, 0, 0
40345, 46, 48, 74, 0, 0, 6.40%, 0, 0, 2, 12.17, 109114, 113, 0, 0
40350, 46, 56, 74, 0, 0, 6.40%, 0, 0, 2, 19.33, 109213, 113, 0, 0
40355, 46, 44, 74, 0, 0, 6.40%, 0, 0, 2, 21.10, 109318, 113, 0, 0
40360, 46, 14, 74, 0, 0, 6.40%, 0, 0, 2, 27.89, 109465, 113, 0, 0
40365, 46, 20, 74, 0, 0, 6.40%, 0, 0, 2, 25.57, 109588, 113, 0, 0
40370, 46, 35, 74, 0, 0, 6.40%, 0, 0, 2, 23.76, 109692, 113, 0, 0
40375, 47, 2, 74, 0, 0, 6.40%, 0, 0, 2, 9.06, 109779, 113, 0, 0
40380, 47, 30, 74, 0, 0, 6.40%, 0, 0, 2, 20.57, 109892, 113, 0, 0
40386, 47, 16, 74, 0, 0, 6.40%, 0, 0, 2, 25.24, 110031, 113, 0, 0
40391, 47, 21, 74, 0, 0, 6.40%, 0, 0, 2, 0.00, 110153, 113, 0, 0
40397, 48, 21, 74, 0, 0, 6.40%, 0, 0, 2, 22.67, 110291, 113, 0, 0
