# relative_time, cycles_done, cur_item, corpus_count, pending_total, pending_favs, map_size, saved_crashes, saved_hangs, max_depth, execs_per_sec, total_execs, edges_found, total_crashes, servers_count
60, 0, 31, 67, 60, 15, 6.34%, 0, 0, 2, 46.97, 3146, 112, 0, 0
65, 0, 31, 67, 60, 15, 6.34%, 0, 0, 2, 39.50, 3333, 112, 0, 0
71, 0, 31, 67, 60, 15, 6.34%, 0, 0, 2, 27.98, 3459, 112, 0, 0
76, 0, 0, 67, 59, 14, 6.34%, 0, 0, 2, 32.69, 3635, 112, 0, 0
81, 0, 12, 67, 57, 12, 6.34%, 0, 0, 2, 41.78, 3844, 112, 0, 0
86, 0, 20, 67, 56, 11, 6.34%, 0, 0, 2, 36.77, 4009, 112, 0, 0
91, 0, 19, 67, 55, 10, 6.34%, 0, 0, 2, 27.87, 4160, 112, 0, 0
96, 0, 18, 67, 54, 9, 6.34%, 0, 0, 2, 34.76, 4345, 112, 0, 0
101, 0, 23, 67, 53, 8, 6.34%, 0, 0, 2, 36.91, 4527, 112, 0, 0
107, 0, 13, 67, 52, 7, 6.34%, 0, 0, 2, 40.33, 4739, 112, 0, 0
112, 0, 24, 67, 50, 5, 6.34%, 0, 0, 2, 40.78, 4951, 112, 0, 0
117, 0, 65, 67, 49, 4, 6.34%, 0, 0, 2, 39.55, 5143, 112, 0, 0
122, 0, 65, 67, 49, 4, 6.34%, 0, 0, 2, 40.75, 5353, 112, 0, 0
127, 0, 51, 68, 49, 3, 6.34%, 0, 0, 2, 41.22, 5559, 112, 0, 0
132, 0, 51, 68, 49, 3, 6.34%, 0, 0, 2, 40.53, 5765, 112, 0, 0
137, 0, 67, 68, 48, 2, 6.34%, 0, 0, 2, 40.29, 5968, 112, 0, 0
142, 0, 56, 68, 47, 1, 6.34%, 0, 0, 2, 39.31, 6168, 112, 0, 0
147, 0, 56, 68, 47, 1, 6.34%, 0, 0, 2, 39.74, 6366, 112, 0, 0
152, 0, 56, 68, 47, 1, 6.34%, 0, 0, 2, 42.31, 6574, 112, 0, 0
157, 0, 56, 68, 47, 1, 6.34%, 0, 0, 2, 40.54, 6795, 112, 0, 0
162, 0, 56, 68, 47, 1, 6.34%, 0, 0, 2, 39.92, 7014, 112, 0, 0
168, 0, 56, 68, 47, 1, 6.34%, 0, 0, 2, 34.02, 7179, 112, 0, 0
173, 0, 30, 68, 46, 0, 6.34%, 0, 0, 2, 38.60, 7379, 112, 0, 0
178, 0, 40, 68, 45, 0, 6.34%, 0, 0, 2, 43.99, 7608, 112, 0, 0
183, 0, 3, 68, 45, 0, 6.34%, 0, 0, 2, 43.32, 7825, 112, 0, 0
188, 0, 5, 68, 44, 0, 6.34%, 0, 0, 2, 42.69, 8042, 112, 0, 0
193, 0, 59, 68, 44, 0, 6.34%, 0, 0, 2, 39.30, 8238, 112, 0, 0
198, 0, 59, 68, 44, 0, 6.34%, 0, 0, 2, 41.03, 8447, 112, 0, 0
203, 0, 59, 68, 44, 0, 6.34%, 0, 0, 2, 48.73, 8685, 112, 0, 0
208, 0, 59, 68, 44, 0, 6.34%, 0, 0, 2, 39.99, 8878, 112, 0, 0
213, 0, 59, 68, 44, 0, 6.34%, 0, 0, 2, 34.95, 9058, 112, 0, 0
218, 0, 59, 68, 44, 0, 6.34%, 0, 0, 2, 39.11, 9264, 112, 0, 0
224, 0, 59, 68, 44, 0, 6.34%, 0, 0, 2, 37.88, 9452, 112, 0, 0
229, 0, 59, 68, 44, 0, 6.34%, 0, 0, 2, 39.28, 9660, 112, 0, 0
234, 0, 31, 68, 43, 0, 6.34%, 0, 0, 2, 42.69, 9877, 112, 0, 0
239, 0, 65, 68, 43, 0, 6.34%, 0, 0, 2, 45.63, 10115, 112, 0, 0
244, 0, 25, 68, 43, 0, 6.34%, 0, 0, 2, 43.87, 10336, 112, 0, 0
249, 0, 25, 68, 43, 0, 6.34%, 0, 0, 2, 41.72, 10543, 112, 0, 0
254, 0, 25, 68, 43, 0, 6.34%, 0, 0, 2, 43.22, 10763, 112, 0, 0
259, 0, 25, 68, 43, 0, 6.34%, 0, 0, 2, 44.19, 10986, 112, 0, 0
264, 0, 25, 68, 43, 0, 6.34%, 0, 0, 2, 43.34, 11208, 112, 0, 0
269, 0, 25, 68, 43, 0, 6.34%, 0, 0, 2, 42.85, 11421, 112, 0, 0
274, 0, 65, 68, 42, 0, 6.34%, 0, 0, 2, 46.39, 11660, 112, 0, 0
279, 0, 14, 68, 42, 0, 6.34%, 0, 0, 2, 48.21, 11907, 112, 0, 0
285, 0, 38, 68, 42, 0, 6.34%, 0, 0, 2, 42.42, 12116, 112, 0, 0
290, 0, 38, 68, 42, 0, 6.34%, 0, 0, 2, 39.37, 12312, 112, 0, 0
295, 0, 38, 68, 42, 0, 6.34%, 0, 0, 2, 36.11, 12496, 112, 0, 0
300, 0, 38, 68, 42, 0, 6.34%, 0, 0, 2, 33.85, 12673, 112, 0, 0
305, 0, 38, 68, 42, 0, 6.34%, 0, 0, 2, 36.99, 12867, 112, 0, 0
310, 0, 17, 68, 41, 0, 6.34%, 0, 0, 2, 40.67, 13067, 112, 0, 0
315, 0, 65, 68, 41, 0, 6.34%, 0, 0, 2, 47.05, 13323, 112, 0, 0
320, 0, 47, 68, 41, 0, 6.34%, 0, 0, 2, 45.02, 13553, 112, 0, 0
325, 0, 47, 68, 41, 0, 6.34%, 0, 0, 2, 39.81, 13752, 112, 0, 0
330, 0, 47, 68, 41, 0, 6.34%, 0, 0, 2, 38.51, 13947, 112, 0, 0
336, 0, 47, 68, 41, 0, 6.34%, 0, 0, 2, 35.80, 14126, 112, 0, 0
341, 0, 47, 68, 41, 0, 6.34%, 0, 0, 2, 36.97, 14314, 112, 0, 0
346, 0, 47, 68, 41, 0, 6.34%, 0, 0, 2, 34.79, 14496, 112, 0, 0
351, 0, 3, 68, 40, 0, 6.34%, 0, 0, 2, 31.10, 14649, 112, 0, 0
356, 0, 14, 68, 40, 0, 6.34%, 0, 0, 2, 36.16, 14849, 112, 0, 0
361, 0, 13, 68, 40, 0, 6.34%, 0, 0, 2, 27.85, 14975, 112, 0, 0
366, 0, 63, 68, 40, 0, 6.34%, 0, 0, 2, 20.25, 15066, 112, 0, 0
371, 0, 63, 68, 40, 0, 6.34%, 0, 0, 2, 20.37, 15166, 112, 0, 0
377, 0, 63, 68, 40, 0, 6.34%, 0, 0, 2, 18.63, 15263, 112, 0, 0
382, 0, 63, 68, 40, 0, 6.34%, 0, 0, 2, 19.97, 15364, 112, 0, 0
387, 0, 63, 68, 40, 0, 6.34%, 0, 0, 2, 19.22, 15461, 112, 0, 0
392, 0, 63, 68, 40, 0, 6.34%, 0, 0, 2, 18.25, 15551, 112, 0, 0
397, 0, 63, 68, 40, 0, 6.34%, 0, 0, 2, 18.97, 15652, 112, 0, 0
402, 0, 63, 68, 40, 0, 6.34%, 0, 0, 2, 19.64, 15752, 112, 0, 0
407, 0, 63, 68, 40, 0, 6.34%, 0, 0, 2, 20.75, 15860, 112, 0, 0
412, 0, 63, 68, 40, 0, 6.34%, 0, 0, 2, 18.05, 15950, 112, 0, 0
418, 0, 63, 68, 40, 0, 6.34%, 0, 0, 2, 19.86, 16047, 112, 0, 0
423, 0, 63, 68, 40, 0, 6.34%, 0, 0, 2, 21.96, 16165, 112, 0, 0
428, 0, 63, 68, 40, 0, 6.34%, 0, 0, 2, 22.63, 16281, 112, 0, 0
433, 0, 63, 68, 40, 0, 6.34%, 0, 0, 2, 23.74, 16402, 112, 0, 0
438, 0, 63, 68, 40, 0, 6.34%, 0, 0, 2, 22.24, 16510, 112, 0, 0
443, 0, 63, 68, 40, 0, 6.34%, 0, 0, 2, 22.01, 16623, 112, 0, 0
448, 0, 63, 68, 40, 0, 6.34%, 0, 0, 2, 20.81, 16726, 112, 0, 0
453, 0, 18, 68, 39, 0, 6.34%, 0, 0, 2, 24.59, 16846, 112, 0, 0
458, 0, 16, 68, 39, 0, 6.34%, 0, 0, 2, 38.49, 17057, 112, 0, 0
463, 1, 57, 68, 39, 0, 6.34%, 0, 0, 2, 39.50, 17267, 112, 0, 0
469, 1, 57, 68, 39, 0, 6.34%, 0, 0, 2, 31.70, 17429, 112, 0, 0
474, 1, 57, 68, 39, 0, 6.34%, 0, 0, 2, 38.19, 17618, 112, 0, 0
479, 1, 57, 68, 39, 0, 6.34%, 0, 0, 2, 38.58, 17822, 112, 0, 0
484, 1, 57, 68, 39, 0, 6.34%, 0, 0, 2, 44.99, 18046, 112, 0, 0
489, 1, 26, 68, 38, 0, 6.34%, 0, 0, 2, 42.78, 18271, 112, 0, 0
494, 1, 26, 68, 38, 0, 6.34%, 0, 0, 2, 40.62, 18475, 112, 0, 0
499, 1, 26, 68, 38, 0, 6.34%, 0, 0, 2, 39.60, 18676, 112, 0, 0
504, 1, 26, 68, 38, 0, 6.34%, 0, 0, 2, 39.67, 18877, 112, 0, 0
509, 1, 26, 68, 38, 0, 6.34%, 0, 0, 2, 40.11, 19079, 112, 0, 0
515, 1, 26, 68, 38, 0, 6.34%, 0, 0, 2, 39.83, 19285, 112, 0, 0
520, 1, 28, 68, 37, 0, 6.34%, 0, 0, 2, 40.60, 19495, 112, 0, 0
525, 1, 28, 68, 37, 0, 6.34%, 0, 0, 2, 40.32, 19699, 112, 0, 0
530, 1, 28, 68, 37, 0, 6.34%, 0, 0, 2, 41.33, 19912, 112, 0, 0
535, 1, 28, 68, 37, 0, 6.34%, 0, 0, 2, 40.24, 20119, 112, 0, 0
540, 1, 28, 68, 37, 0, 6.34%, 0, 0, 2, 40.44, 20327, 112, 0, 0
545, 1, 18, 68, 36, 0, 6.34%, 0, 0, 2, 42.54, 20533, 112, 0, 0
550, 1, 35, 68, 36, 0, 6.34%, 0, 0, 2, 40.08, 20758, 112, 0, 0
555, 1, 35, 68, 36, 0, 6.34%, 0, 0, 2, 38.27, 20943, 112, 0, 0
561, 1, 35, 68, 36, 0, 6.34%, 0, 0, 2, 37.59, 21137, 112, 0, 0
566, 1, 35, 68, 36, 0, 6.34%, 0, 0, 2, 35.57, 21316, 112, 0, 0
571, 1, 35, 68, 36, 0, 6.34%, 0, 0, 2, 33.18, 21483, 112, 0, 0
576, 1, 35, 68, 36, 0, 6.34%, 0, 0, 2, 38.60, 21686, 112, 0, 0
581, 1, 37, 69, 36, 0, 6.34%, 0, 0, 2, 40.46, 21894, 112, 0, 0
586, 1, 37, 69, 36, 0, 6.34%, 0, 0, 2, 35.47, 22073, 112, 0, 0
591, 1, 37, 69, 36, 0, 6.34%, 0, 0, 2, 32.07, 22237, 112, 0, 0
597, 1, 37, 69, 36, 0, 6.34%, 0, 0, 2, 29.81, 22384, 112, 0, 0
602, 1, 37, 69, 36, 0, 6.34%, 0, 0, 2, 25.56, 22514, 112, 0, 0
607, 1, 37, 69, 36, 0, 6.34%, 0, 0, 2, 22.21, 22622, 112, 0, 0
612, 1, 37, 69, 36, 0, 6.34%, 0, 0, 2, 22.87, 22738, 112, 0, 0
617, 1, 37, 69, 36, 0, 6.34%, 0, 0, 2, 23.69, 22857, 112, 0, 0
622, 1, 11, 69, 35, 0, 6.34%, 0, 0, 2, 31.77, 23018, 112, 0, 0
627, 1, 46, 69, 34, 0, 6.34%, 0, 0, 2, 34.00, 23194, 112, 0, 0
632, 1, 62, 69, 33, 0, 6.34%, 0, 0, 2, 31.52, 23349, 112, 0, 0
637, 1, 62, 69, 33, 0, 6.34%, 0, 0, 2, 26.01, 23460, 112, 0, 0
642, 1, 62, 69, 33, 0, 6.34%, 0, 0, 2, 25.52, 23588, 112, 0, 0
647, 1, 62, 69, 33, 0, 6.34%, 0, 0, 2, 25.84, 23724, 112, 0, 0
652, 1, 62, 69, 33, 0, 6.34%, 0, 0, 2, 26.03, 23854, 112, 0, 0
657, 1, 62, 69, 33, 0, 6.34%, 0, 0, 2, 27.98, 24000, 112, 0, 0
663, 1, 62, 69, 33, 0, 6.34%, 0, 0, 2, 26.64, 24134, 112, 0, 0
668, 1, 62, 69, 33, 0, 6.34%, 0, 0, 2, 24.08, 24244, 112, 0, 0
673, 1, 62, 69, 33, 0, 6.34%, 0, 0, 2, 27.48, 24386, 112, 0, 0
678, 1, 62, 69, 33, 0, 6.34%, 0, 0, 2, 28.86, 24529, 112, 0, 0
683, 1, 62, 69, 33, 0, 6.34%, 0, 0, 2, 23.13, 24655, 112, 0, 0
688, 1, 62, 69, 33, 0, 6.34%, 0, 0, 2, 27.48, 24809, 112, 0, 0
693, 1, 62, 69, 33, 0, 6.34%, 0, 0, 2, 30.59, 24972, 112, 0, 0
699, 1, 34, 70, 33, 0, 6.34%, 0, 0, 2, 36.42, 25168, 112, 0, 0
704, 1, 34, 70, 33, 0, 6.34%, 0, 0, 2, 36.24, 25360, 112, 0, 0
709, 1, 34, 70, 33, 0, 6.34%, 0, 0, 2, 35.75, 25547, 112, 0, 0
714, 1, 34, 70, 33, 0, 6.34%, 0, 0, 2, 24.18, 25657, 112, 0, 0
719, 1, 34, 70, 33, 0, 6.34%, 0, 0, 2, 19.71, 25742, 112, 0, 0
724, 1, 34, 70, 33, 0, 6.34%, 0, 0, 2, 16.76, 25820, 112, 0, 0
729, 1, 34, 70, 33, 0, 6.34%, 0, 0, 2, 15.07, 25896, 112, 0, 0
734, 1, 34, 70, 33, 0, 6.34%, 0, 0, 2, 13.25, 25957, 112, 0, 0
739, 1, 34, 70, 33, 0, 6.34%, 0, 0, 2, 14.68, 26026, 112, 0, 0
744, 1, 34, 70, 33, 0, 6.34%, 0, 0, 2, 22.15, 26156, 112, 0, 0
750, 1, 68, 70, 32, 0, 6.34%, 0, 0, 2, 30.07, 26327, 112, 0, 0
755, 1, 68, 70, 32, 0, 6.34%, 0, 0, 2, 27.63, 26464, 112, 0, 0
760, 1, 68, 70, 32, 0, 6.34%, 0, 0, 2, 28.05, 26609, 112, 0, 0
765, 1, 68, 70, 32, 0, 6.34%, 0, 0, 2, 26.55, 26743, 112, 0, 0
770, 1, 68, 70, 32, 0, 6.34%, 0, 0, 2, 27.77, 26886, 112, 0, 0
775, 1, 68, 70, 32, 0, 6.34%, 0, 0, 2, 29.09, 27041, 112, 0, 0
780, 1, 68, 70, 32, 0, 6.34%, 0, 0, 2, 29.22, 27189, 112, 0, 0
785, 1, 68, 70, 32, 0, 6.34%, 0, 0, 2, 29.21, 27339, 112, 0, 0
791, 1, 60, 70, 31, 0, 6.34%, 0, 0, 2, 26.15, 27472, 112, 0, 0
796, 1, 60, 70, 31, 0, 6.34%, 0, 0, 2, 26.62, 27606, 112, 0, 0
801, 1, 60, 70, 31, 0, 6.34%, 0, 0, 2, 25.87, 27734, 112, 0, 0
806, 1, 60, 70, 31, 0, 6.34%, 0, 0, 2, 30.69, 27893, 112, 0, 0
811, 1, 60, 70, 31, 0, 6.34%, 0, 0, 2, 24.29, 28009, 112, 0, 0
816, 1, 60, 70, 31, 0, 6.34%, 0, 0, 2, 27.16, 28160, 112, 0, 0
821, 1, 60, 70, 31, 0, 6.34%, 0, 0, 2, 30.31, 28319, 112, 0, 0
826, 1, 60, 70, 31, 0, 6.34%, 0, 0, 2, 28.14, 28457, 112, 0, 0
831, 1, 14, 70, 30, 0, 6.34%, 0, 0, 2, 36.21, 28637, 112, 0, 0
836, 1, 52, 70, 30, 0, 6.34%, 0, 0, 2, 38.72, 28822, 112, 0, 0
842, 1, 52, 70, 30, 0, 6.34%, 0, 0, 2, 33.49, 28993, 112, 0, 0
847, 1, 52, 70, 30, 0, 6.34%, 0, 0, 2, 38.81, 29200, 112, 0, 0
852, 1, 52, 70, 30, 0, 6.34%, 0, 0, 2, 40.73, 29408, 112, 0, 0
857, 1, 52, 70, 30, 0, 6.34%, 0, 0, 2, 39.80, 29611, 112, 0, 0
862, 1, 52, 70, 30, 0, 6.34%, 0, 0, 2, 39.58, 29811, 112, 0, 0
867, 1, 44, 70, 29, 0, 6.34%, 0, 0, 2, 40.17, 30016, 112, 0, 0
872, 1, 22, 70, 28, 0, 6.34%, 0, 0, 2, 39.44, 30217, 112, 0, 0
877, 1, 2, 70, 28, 0, 6.34%, 0, 0, 2, 61.98, 30545, 112, 0, 0
882, 1, 7, 70, 27, 0, 6.34%, 0, 0, 2, 47.86, 30773, 112, 0, 0
887, 1, 7, 70, 27, 0, 6.34%, 0, 0, 2, 42.83, 30982, 112, 0, 0
892, 1, 7, 70, 27, 0, 6.34%, 0, 0, 2, 42.98, 31198, 112, 0, 0
897, 1, 7, 70, 27, 0, 6.34%, 0, 0, 2, 43.14, 31416, 112, 0, 0
902, 1, 7, 70, 27, 0, 6.34%, 0, 0, 2, 43.46, 31635, 112, 0, 0
908, 1, 58, 70, 26, 0, 6.34%, 0, 0, 2, 41.72, 31844, 112, 0, 0
913, 1, 58, 70, 26, 0, 6.34%, 0, 0, 2, 44.94, 32074, 112, 0, 0
918, 1, 58, 70, 26, 0, 6.34%, 0, 0, 2, 47.43, 32323, 112, 0, 0
923, 1, 58, 70, 26, 0, 6.34%, 0, 0, 2, 35.40, 32490, 112, 0, 0
928, 1, 58, 70, 26, 0, 6.34%, 0, 0, 2, 36.82, 32681, 112, 0, 0
933, 1, 58, 70, 26, 0, 6.34%, 0, 0, 2, 32.69, 32845, 112, 0, 0
938, 1, 50, 70, 24, 0, 6.34%, 0, 0, 2, 44.31, 33073, 112, 0, 0
943, 1, 29, 70, 23, 0, 6.34%, 0, 0, 2, 37.91, 33264, 112, 0, 0
949, 1, 29, 70, 23, 0, 6.34%, 0, 0, 2, 36.04, 33450, 112, 0, 0
954, 1, 29, 70, 23, 0, 6.34%, 0, 0, 2, 34.26, 33627, 112, 0, 0
959, 1, 29, 70, 23, 0, 6.34%, 0, 0, 2, 28.42, 33778, 112, 0, 0
964, 1, 29, 70, 23, 0, 6.34%, 0, 0, 2, 31.21, 33946, 112, 0, 0
969, 1, 29, 70, 23, 0, 6.34%, 0, 0, 2, 32.19, 34113, 112, 0, 0
975, 1, 47, 70, 22, 0, 6.34%, 0, 0, 2, 31.36, 34271, 112, 0, 0
980, 1, 48, 70, 21, 0, 6.34%, 0, 0, 2, 34.38, 34441, 112, 0, 0
985, 1, 48, 70, 21, 0, 6.34%, 0, 0, 2, 48.30, 34707, 112, 0, 0
990, 1, 48, 70, 21, 0, 6.34%, 0, 0, 2, 53.64, 35019, 112, 0, 0
995, 1, 48, 70, 21, 0, 6.34%, 0, 0, 2, 78.58, 35447, 112, 0, 0
1000, 1, 45, 70, 20, 0, 6.34%, 0, 0, 2, 51.74, 35669, 112, 0, 0
1005, 1, 45, 70, 20, 0, 6.34%, 0, 0, 2, 46.92, 35907, 112, 0, 0
1010, 1, 21, 70, 19, 0, 6.34%, 0, 0, 2, 42.80, 36115, 112, 0, 0
1016, 1, 42, 70, 18, 0, 6.34%, 0, 0, 2, 57.02, 36397, 112, 0, 0
1021, 1, 42, 70, 18, 0, 6.34%, 0, 0, 2, 63.47, 36731, 112, 0, 0
1026, 1, 42, 70, 18, 0, 6.34%, 0, 0, 2, 84.31, 37125, 112, 0, 0
1031, 1, 61, 70, 17, 0, 6.34%, 0, 0, 2, 52.96, 37378, 112, 0, 0
1036, 1, 61, 70, 17, 0, 6.34%, 0, 0, 2, 36.10, 37545, 112, 0, 0
1041, 1, 61, 70, 17, 0, 6.34%, 0, 0, 2, 33.98, 37717, 112, 0, 0
1047, 1, 61, 70, 17, 0, 6.34%, 0, 0, 2, 34.70, 37895, 112, 0, 0
1052, 1, 61, 70, 17, 0, 6.34%, 0, 0, 2, 35.42, 38078, 112, 0, 0
1057, 1, 61, 70, 17, 0, 6.34%, 0, 0, 2, 35.85, 38262, 112, 0, 0
1062, 1, 61, 70, 17, 0, 6.34%, 0, 0, 2, 37.40, 38452, 112, 0, 0
1067, 1, 61, 70, 17, 0, 6.34%, 0, 0, 2, 37.21, 38638, 112, 0, 0
1072, 1, 61, 70, 17, 0, 6.34%, 0, 0, 2, 37.38, 38831, 112, 0, 0
1077, 1, 39, 70, 16, 0, 6.34%, 0, 0, 2, 35.54, 39005, 112, 0, 0
1082, 1, 15, 70, 15, 0, 6.34%, 0, 0, 2, 40.38, 39213, 112, 0, 0
1088, 1, 54, 70, 14, 0, 6.34%, 0, 0, 2, 43.10, 39437, 112, 0, 0
1093, 1, 64, 70, 13, 0, 6.34%, 0, 0, 2, 29.33, 39576, 112, 0, 0
1098, 1, 64, 70, 13, 0, 6.34%, 0, 0, 2, 26.21, 39709, 112, 0, 0
1103, 1, 64, 70, 13, 0, 6.34%, 0, 0, 2, 24.39, 39830, 112, 0, 0
1108, 1, 64, 70, 13, 0, 6.34%, 0, 0, 2, 23.43, 39958, 112, 0, 0
1113, 1, 64, 70, 13, 0, 6.34%, 0, 0, 2, 21.28, 40063, 112, 0, 0
1119, 1, 64, 70, 13, 0, 6.34%, 0, 0, 2, 22.46, 40176, 112, 0, 0
1124, 1, 64, 70, 13, 0, 6.34%, 0, 0, 2, 27.82, 40317, 112, 0, 0
1129, 1, 64, 70, 13, 0, 6.34%, 0, 0, 2, 24.95, 40441, 112, 0, 0
1134, 1, 64, 70, 13, 0, 6.34%, 0, 0, 2, 26.53, 40576, 112, 0, 0
1139, 1, 64, 70, 13, 0, 6.34%, 0, 0, 2, 25.44, 40701, 112, 0, 0
1144, 1, 64, 70, 13, 0, 6.34%, 0, 0, 2, 24.37, 40821, 112, 0, 0
1149, 1, 64, 70, 13, 0, 6.34%, 0, 0, 2, 22.55, 40933, 112, 0, 0
1154, 1, 31, 70, 12, 0, 6.34%, 0, 0, 2, 26.88, 41064, 112, 0, 0
1159, 1, 10, 70, 12, 0, 6.34%, 0, 0, 2, 37.78, 41271, 112, 0, 0
1164, 1, 10, 70, 12, 0, 6.34%, 0, 0, 2, 38.61, 41467, 112, 0, 0
1169, 1, 10, 70, 12, 0, 6.34%, 0, 0, 2, 4.88, 41664, 112, 0, 0
1175, 1, 10, 70, 12, 0, 6.34%, 0, 0, 2, 33.57, 41847, 112, 0, 0
1180, 1, 10, 70, 12, 0, 6.34%, 0, 0, 2, 36.24, 42039, 112, 0, 0
1185, 1, 10, 70, 12, 0, 6.34%, 0, 0, 2, 35.81, 42225, 112, 0, 0
1190, 1, 43, 70, 11, 0, 6.34%, 0, 0, 2, 40.09, 42428, 112, 0, 0
1195, 1, 31, 70, 10, 0, 6.34%, 0, 0, 2, 39.36, 42631, 112, 0, 0
1200, 1, 33, 70, 10, 0, 6.34%, 0, 0, 2, 35.44, 42810, 112, 0, 0
1205, 1, 33, 70, 10, 0, 6.34%, 0, 0, 2, 33.24, 42979, 112, 0, 0
1210, 1, 33, 70, 10, 0, 6.34%, 0, 0, 2, 32.58, 43142, 112, 0, 0
1215, 1, 33, 70, 10, 0, 6.34%, 0, 0, 2, 28.38, 43278, 112, 0, 0
1220, 1, 33, 70, 10, 0, 6.34%, 0, 0, 2, 29.94, 43428, 112, 0, 0
1226, 1, 33, 70, 10, 0, 6.34%, 0, 0, 2, 33.51, 43605, 112, 0, 0
1231, 1, 33, 70, 10, 0, 6.34%, 0, 0, 2, 33.47, 43776, 112, 0, 0
1236, 1, 67, 70, 9, 0, 6.34%, 0, 0, 2, 23.13, 43937, 112, 0, 0
1241, 1, 4, 70, 9, 0, 6.34%, 0, 0, 2, 38.34, 44151, 112, 0, 0
1246, 1, 72, 74, 12, 2, 6.40%, 0, 0, 2, 44.10, 44389, 113, 0, 0
1251, 1, 36, 74, 10, 0, 6.40%, 0, 0, 2, 41.80, 44594, 113, 0, 0
1256, 1, 36, 74, 10, 0, 6.40%, 0, 0, 2, 38.22, 44785, 113, 0, 0
1261, 1, 36, 74, 10, 0, 6.40%, 0, 0, 2, 34.61, 44955, 113, 0, 0
1266, 1, 36, 74, 10, 0, 6.40%, 0, 0, 2, 36.39, 45144, 113, 0, 0
1271, 1, 36, 74, 10, 0, 6.40%, 0, 0, 2, 35.03, 45321, 113, 0, 0
1277, 1, 36, 74, 10, 0, 6.40%, 0, 0, 2, 35.98, 45508, 113, 0, 0
1282, 1, 36, 74, 10, 0, 6.40%, 0, 0, 2, 35.94, 45694, 113, 0, 0
1287, 1, 69, 74, 9, 0, 6.40%, 0, 0, 2, 34.07, 45866, 113, 0, 0
1292, 1, 69, 74, 9, 0, 6.40%, 0, 0, 2, 30.64, 46019, 113, 0, 0
1297, 1, 69, 74, 9, 0, 6.40%, 0, 0, 2, 29.50, 46166, 113, 0, 0
1302, 1, 69, 74, 9, 0, 6.40%, 0, 0, 2, 30.22, 46323, 113, 0, 0
1307, 1, 69, 74, 9, 0, 6.40%, 0, 0, 2, 28.43, 46471, 113, 0, 0
1313, 1, 69, 74, 9, 0, 6.40%, 0, 0, 2, 29.30, 46619, 113, 0, 0
1318, 1, 69, 74, 9, 0, 6.40%, 0, 0, 2, 33.11, 46788, 113, 0, 0
1323, 1, 69, 74, 9, 0, 6.40%, 0, 0, 2, 33.14, 46960, 113, 0, 0
1328, 1, 69, 74, 9, 0, 6.40%, 0, 0, 2, 30.61, 47116, 113, 0, 0
1333, 1, 3, 74, 8, 0, 6.40%, 0, 0, 2, 33.90, 47286, 113, 0, 0
1338, 1, 17, 74, 8, 0, 6.40%, 0, 0, 2, 43.05, 47506, 113, 0, 0
1343, 1, 20, 74, 8, 0, 6.40%, 0, 0, 2, 44.83, 47746, 113, 0, 0
1348, 2, 16, 74, 8, 0, 6.40%, 0, 0, 2, 26.89, 47929, 113, 0, 0
1353, 2, 41, 74, 7, 0, 6.40%, 0, 0, 2, 3.59, 48103, 113, 0, 0
1358, 2, 41, 74, 7, 0, 6.40%, 0, 0, 2, 35.08, 48262, 113, 0, 0
1363, 2, 72, 74, 6, 0, 6.40%, 0, 0, 2, 41.02, 48470, 113, 0, 0
1368, 2, 73, 74, 6, 0, 6.40%, 0, 0, 2, 53.54, 48729, 113, 0, 0
1373, 2, 73, 74, 6, 0, 6.40%, 0, 0, 2, 53.39, 49032, 113, 0, 0
1378, 2, 8, 74, 5, 0, 6.40%, 0, 0, 2, 42.45, 49235, 113, 0, 0
1384, 2, 8, 74, 5, 0, 6.40%, 0, 0, 2, 39.84, 49438, 113, 0, 0
1389, 2, 8, 74, 5, 0, 6.40%, 0, 0, 2, 39.06, 49633, 113, 0, 0
1394, 2, 8, 74, 5, 0, 6.40%, 0, 0, 2, 39.17, 49837, 113, 0, 0
1399, 2, 8, 74, 5, 0, 6.40%, 0, 0, 2, 39.32, 50041, 113, 0, 0
1404, 2, 8, 74, 5, 0, 6.40%, 0, 0, 2, 37.59, 50233, 113, 0, 0
1409, 2, 53, 74, 4, 0, 6.40%, 0, 0, 2, 37.15, 50412, 113, 0, 0
1414, 2, 66, 74, 3, 0, 6.40%, 0, 0, 2, 39.97, 50614, 113, 0, 0
1419, 2, 9, 74, 2, 0, 6.40%, 0, 0, 2, 38.57, 50810, 113, 0, 0
1425, 2, 9, 74, 2, 0, 6.40%, 0, 0, 2, 0.87, 50853, 113, 0, 0
27736, 2, 9, 74, 2, 0, 6.40%, 0, 0, 2, 0.00, 50875, 113, 0, 0
27741, 2, 9, 74, 2, 0, 6.40%, 0, 0, 2, 1.64, 50959, 113, 0, 0
27747, 2, 9, 74, 2, 0, 6.40%, 0, 0, 2, 1.87, 50968, 113, 0, 0
27752, 2, 9, 74, 2, 0, 6.40%, 0, 0, 2, 6.58, 51005, 113, 0, 0
27757, 2, 9, 74, 2, 0, 6.40%, 0, 0, 2, 11.65, 51065, 113, 0, 0
27762, 2, 9, 74, 2, 0, 6.40%, 0, 0, 2, 3.52, 51100, 113, 0, 0
27767, 2, 9, 74, 2, 0, 6.40%, 0, 0, 2, 8.28, 51149, 113, 0, 0
27772, 2, 9, 74, 2, 0, 6.40%, 0, 0, 2, 11.00, 51202, 113, 0, 0
27778, 2, 9, 74, 2, 0, 6.40%, 0, 0, 2, 19.57, 51314, 113, 0, 0
27783, 2, 9, 74, 2, 0, 6.40%, 0, 0, 2, 21.34, 51429, 113, 0, 0
27788, 2, 9, 74, 2, 0, 6.40%, 0, 0, 2, 22.90, 51544, 113, 0, 0
27793, 2, 9, 74, 2, 0, 6.40%, 0, 0, 2, 27.00, 51676, 113, 0, 0
27798, 2, 9, 74, 2, 0, 6.40%, 0, 0, 2, 31.82, 51836, 113, 0, 0
27803, 2, 24, 74, 0, 0, 6.40%, 0, 0, 2, 35.51, 52015, 113, 0, 0
27808, 2, 23, 74, 0, 0, 6.40%, 0, 0, 2, 35.62, 52186, 113, 0, 0
27813, 2, 23, 74, 0, 0, 6.40%, 0, 0, 2, 41.69, 52374, 113, 0, 0
27819, 2, 12, 74, 0, 0, 6.40%, 0, 0, 2, 39.89, 52579, 113, 0, 0
27824, 2, 24, 74, 0, 0, 6.40%, 0, 0, 2, 38.95, 52778, 113, 0, 0
27829, 2, 3, 74, 0, 0, 6.40%, 0, 0, 2, 41.03, 52991, 113, 0, 0
27834, 2, 13, 74, 0, 0, 6.40%, 0, 0, 2, 36.13, 53173, 113, 0, 0
27839, 2, 13, 74, 0, 0, 6.40%, 0, 0, 2, 38.58, 53372, 113, 0, 0
27844, 2, 72, 74, 0, 0, 6.40%, 0, 0, 2, 27.63, 53510, 113, 0, 0
27850, 2, 20, 74, 0, 0, 6.40%, 0, 0, 2, 18.06, 53582, 113, 0, 0
27855, 2, 12, 74, 0, 0, 6.40%, 0, 0, 2, 14.41, 53652, 113, 0, 0
27860, 2, 0, 74, 0, 0, 6.40%, 0, 0, 2, 16.86, 53732, 113, 0, 0
27865, 2, 14, 74, 0, 0, 6.40%, 0, 0, 2, 21.16, 53833, 113, 0, 0
27870, 2, 67, 74, 0, 0, 6.40%, 0, 0, 2, 4.02, 53931, 113, 0, 0
27875, 2, 13, 74, 0, 0, 6.40%, 0, 0, 2, 39.20, 54124, 113, 0, 0
27880, 2, 20, 74, 0, 0, 6.40%, 0, 0, 2, 44.08, 54352, 113, 0, 0
27886, 2, 18, 74, 0, 0, 6.40%, 0, 0, 2, 37.97, 54545, 113, 0, 0
27891, 2, 23, 74, 0, 0, 6.40%, 0, 0, 2, 36.42, 54735, 113, 0, 0
27896, 2, 40, 74, 0, 0, 6.40%, 0, 0, 2, 44.48, 54964, 113, 0, 0
27901, 2, 24, 74, 0, 0, 6.40%, 0, 0, 2, 41.91, 55173, 113, 0, 0
27906, 3, 7, 74, 0, 0, 6.40%, 0, 0, 2, 39.82, 55370, 113, 0, 0
27911, 3, 24, 74, 0, 0, 6.40%, 0, 0, 2, 45.81, 55596, 113, 0, 0
27916, 3, 42, 74, 0, 0, 6.40%, 0, 0, 2, 41.28, 55803, 113, 0, 0
27921, 3, 5, 74, 0, 0, 6.40%, 0, 0, 2, 43.41, 56036, 113, 0, 0
27926, 3, 72, 74, 0, 0, 6.40%, 0, 0, 2, 47.43, 56281, 113, 0, 0
27932, 3, 21, 74, 0, 0, 6.40%, 0, 0, 2, 43.48, 56495, 113, 0, 0
27937, 3, 24, 74, 0, 0, 6.40%, 0, 0, 2, 41.53, 56705, 113, 0, 0
27942, 3, 17, 74, 0, 0, 6.40%, 0, 0, 2, 42.89, 56916, 113, 0, 0
27947, 3, 28, 74, 0, 0, 6.40%, 0, 0, 2, 39.32, 57121, 113, 0, 0
27952, 3, 3, 74, 0, 0, 6.40%, 0, 0, 2, 40.87, 57332, 113, 0, 0
27957, 3, 17, 74, 0, 0, 6.40%, 0, 0, 2, 49.54, 57577, 113, 0, 0
27962, 3, 20, 74, 0, 0, 6.40%, 0, 0, 2, 42.08, 57791, 113, 0, 0
27967, 3, 20, 74, 0, 0, 6.40%, 0, 0, 2, 43.42, 58015, 113, 0, 0
27972, 3, 14, 74, 0, 0, 6.40%, 0, 0, 2, 44.13, 58241, 113, 0, 0
27977, 3, 42, 74, 0, 0, 6.40%, 0, 0, 2, 41.64, 58451, 113, 0, 0
27982, 3, 67, 74, 0, 0, 6.40%, 0, 0, 2, 41.37, 58660, 113, 0, 0
27987, 3, 71, 74, 0, 0, 6.40%, 0, 0, 2, 44.46, 58895, 113, 0, 0
27993, 3, 43, 74, 0, 0, 6.40%, 0, 0, 2, 43.36, 59114, 113, 0, 0
27998, 3, 18, 74, 0, 0, 6.40%, 0, 0, 2, 42.56, 59328, 113, 0, 0
28003, 3, 3, 74, 0, 0, 6.40%, 0, 0, 2, 48.11, 59575, 113, 0, 0
28008, 4, 3, 74, 0, 0, 6.40%, 0, 0, 2, 44.98, 59796, 113, 0, 0
28013, 4, 17, 74, 0, 0, 6.40%, 0, 0, 2, 45.15, 60018, 113, 0, 0
28018, 4, 40, 74, 0, 0, 6.40%, 0, 0, 2, 45.07, 60264, 113, 0, 0
28023, 4, 17, 74, 0, 0, 6.40%, 0, 0, 2, 46.36, 60492, 113, 0, 0
28028, 4, 67, 74, 0, 0, 6.40%, 0, 0, 2, 45.02, 60723, 113, 0, 0
28033, 4, 18, 74, 0, 0, 6.40%, 0, 0, 2, 44.91, 60957, 113, 0, 0
28038, 4, 71, 74, 0, 0, 6.40%, 0, 0, 2, 35.95, 61146, 113, 0, 0
28043, 4, 32, 74, 0, 0, 6.40%, 0, 0, 2, 38.62, 61347, 113, 0, 0
28048, 4, 72, 74, 0, 0, 6.40%, 0, 0, 2, 37.35, 61537, 113, 0, 0
28054, 4, 12, 74, 0, 0, 6.40%, 0, 0, 2, 38.67, 61736, 113, 0, 0
28059, 4, 31, 74, 0, 0, 6.40%, 0, 0, 2, 41.28, 61958, 113, 0, 0
28064, 4, 22, 74, 0, 0, 6.40%, 0, 0, 2, 37.53, 62137, 113, 0, 0
28069, 4, 31, 74, 0, 0, 6.40%, 0, 0, 2, 38.40, 62334, 113, 0, 0
28074, 4, 71, 74, 0, 0, 6.40%, 0, 0, 2, 40.03, 62540, 113, 0, 0
28079, 4, 41, 74, 0, 0, 6.40%, 0, 0, 2, 36.88, 62724, 113, 0, 0
28084, 4, 18, 74, 0, 0, 6.40%, 0, 0, 2, 37.47, 62911, 113, 0, 0
28089, 4, 67, 74, 0, 0, 6.40%, 0, 0, 2, 39.28, 63113, 113, 0, 0
28094, 4, 71, 74, 0, 0, 6.40%, 0, 0, 2, 41.02, 63325, 113, 0, 0
28100, 4, 13, 74, 0, 0, 6.40%, 0, 0, 2, 39.94, 63526, 113, 0, 0
28105, 4, 13, 74, 0, 0, 6.40%, 0, 0, 2, 41.10, 63742, 113, 0, 0
28110, 4, 25, 74, 0, 0, 6.40%, 0, 0, 2, 39.83, 63951, 113, 0, 0
28115, 5, 13, 74, 0, 0, 6.40%, 0, 0, 2, 41.94, 64167, 113, 0, 0
28120, 5, 47, 74, 0, 0, 6.40%, 0, 0, 2, 42.11, 64382, 113, 0, 0
28125, 5, 20, 74, 0, 0, 6.40%, 0, 0, 2, 42.97, 64597, 113, 0, 0
28130, 5, 40, 74, 0, 0, 6.40%, 0, 0, 2, 42.07, 64808, 113, 0, 0
28135, 5, 18, 74, 0, 0, 6.40%, 0, 0, 2, 41.60, 65019, 113, 0, 0
28140, 5, 16, 74, 0, 0, 6.40%, 0, 0, 2, 45.44, 65248, 113, 0, 0
28145, 5, 13, 74, 0, 0, 6.40%, 0, 0, 2, 44.43, 65467, 113, 0, 0
28150, 5, 65, 74, 0, 0, 6.40%, 0, 0, 2, 44.17, 65688, 113, 0, 0
28156, 5, 17, 74, 0, 0, 6.40%, 0, 0, 2, 44.79, 65914, 113, 0, 0
28161, 5, 24, 74, 0, 0, 6.40%, 0, 0, 2, 44.63, 66155, 113, 0, 0
28166, 5, 14, 74, 0, 0, 6.40%, 0, 0, 2, 45.27, 66394, 113, 0, 0
28171, 5, 21, 74, 0, 0, 6.40%, 0, 0, 2, 43.77, 66612, 113, 0, 0
28176, 5, 72, 74, 0, 0, 6.40%, 0, 0, 2, 43.11, 66829, 113, 0, 0
28181, 5, 13, 74, 0, 0, 6.40%, 0, 0, 2, 41.49, 67031, 113, 0, 0
28186, 5, 3, 74, 0, 0, 6.40%, 0, 0, 2, 42.88, 67243, 113, 0, 0
28191, 5, 44, 74, 0, 0, 6.40%, 0, 0, 2, 43.74, 67469, 113, 0, 0
28196, 5, 24, 74, 0, 0, 6.40%, 0, 0, 2, 45.76, 67701, 113, 0, 0
28201, 5, 13, 74, 0, 0, 6.40%, 0, 0, 2, 43.77, 67919, 113, 0, 0
28206, 5, 65, 74, 0, 0, 6.40%, 0, 0, 2, 43.27, 68136, 113, 0, 0
28211, 5, 67, 74, 0, 0, 6.40%, 0, 0, 2, 42.67, 68351, 113, 0, 0
28216, 5, 16, 74, 0, 0, 6.40%, 0, 0, 2, 44.22, 68580, 113, 0, 0
28221, 6, 48, 74, 0, 0, 6.40%, 0, 0, 2, 40.75, 68783, 113, 0, 0
28226, 6, 39, 74, 0, 0, 6.40%, 0, 0, 2, 42.18, 68999, 113, 0, 0
28231, 6, 18, 74, 0, 0, 6.40%, 0, 0, 2, 43.92, 69221, 113, 0, 0
28237, 6, 38, 74, 0, 0, 6.40%, 0, 0, 2, 40.90, 69432, 113, 0, 0
28242, 6, 21, 74, 0, 0, 6.40%, 0, 0, 2, 44.02, 69657, 113, 0, 0
28247, 6, 14, 74, 0, 0, 6.40%, 0, 0, 2, 43.84, 69877, 113, 0, 0
28252, 6, 13, 74, 0, 0, 6.40%, 0, 0, 2, 44.78, 70109, 113, 0, 0
28257, 6, 24, 74, 0, 0, 6.40%, 0, 0, 2, 40.82, 70317, 113, 0, 0
28262, 6, 71, 74, 0, 0, 6.40%, 0, 0, 2, 41.19, 70526, 113, 0, 0
28267, 6, 12, 74, 0, 0, 6.40%, 0, 0, 2, 42.19, 70743, 113, 0, 0
28272, 6, 72, 74, 0, 0, 6.40%, 0, 0, 2, 43.46, 70964, 113, 0, 0
28277, 6, 63, 74, 0, 0, 6.40%, 0, 0, 2, 44.98, 71204, 113, 0, 0
28282, 6, 14, 74, 0, 0, 6.40%, 0, 0, 2, 40.69, 71408, 113, 0, 0
28287, 6, 67, 74, 0, 0, 6.40%, 0, 0, 2, 40.61, 71614, 113, 0, 0
28292, 6, 16, 74, 0, 0, 6.40%, 0, 0, 2, 39.19, 71812, 113, 0, 0
28298, 6, 65, 74, 0, 0, 6.40%, 0, 0, 2, 40.08, 72015, 113, 0, 0
28303, 6, 65, 74, 0, 0, 6.40%, 0, 0, 2, 40.06, 72218, 113, 0, 0
28308, 6, 23, 74, 0, 0, 6.40%, 0, 0, 2, 40.95, 72424, 113, 0, 0
28313, 6, 20, 74, 0, 0, 6.40%, 0, 0, 2, 39.75, 72624, 113, 0, 0
28318, 6, 40, 74, 0, 0, 6.40%, 0, 0, 2, 38.81, 72817, 113, 0, 0
28323, 6, 71, 74, 0, 0, 6.40%, 0, 0, 2, 37.73, 73011, 113, 0, 0
28328, 6, 40, 74, 0, 0, 6.40%, 0, 0, 2, 38.21, 73204, 113, 0, 0
28333, 7, 21, 74, 0, 0, 6.40%, 0, 0, 2, 40.46, 73412, 113, 0, 0
28338, 7, 18, 74, 0, 0, 6.40%, 0, 0, 2, 41.89, 73636, 113, 0, 0
28343, 7, 61, 74, 0, 0, 6.40%, 0, 0, 2, 36.85, 73812, 113, 0, 0
28348, 7, 42, 74, 0, 0, 6.40%, 0, 0, 2, 5.88, 73886, 113, 0, 0
28354, 7, 42, 74, 0, 0, 6.40%, 0, 0, 2, 3.38, 73907, 113, 0, 0
28359, 7, 3, 74, 0, 0, 6.40%, 0, 0, 2, 5.44, 73939, 113, 0, 0
28364, 7, 23, 74, 0, 0, 6.40%, 0, 0, 2, 5.01, 73962, 113, 0, 0
28369, 7, 14, 74, 0, 0, 6.40%, 0, 0, 2, 36.51, 74102, 113, 0, 0
28374, 7, 18, 74, 0, 0, 6.40%, 0, 0, 2, 1.21, 74161, 113, 0, 0
38846, 7, 18, 74, 0, 0, 6.40%, 0, 0, 2, 0.00, 74168, 113, 0, 0
38846, 7, 18, 74, 0, 0, 6.40%, 0, 0, 2, 0.00, 74169, 113, 0, 0
38851, 7, 5, 74, 0, 0, 6.40%, 0, 0, 2, 24.89, 74311, 113, 0, 0
38856, 7, 3, 74, 0, 0, 6.40%, 0, 0, 2, 1.48, 74437, 113, 0, 0
38862, 7, 5, 74, 0, 0, 6.40%, 0, 0, 2, 3.62, 74469, 113, 0, 0
38867, 7, 14, 74, 0, 0, 6.40%, 0, 0, 2, 36.46, 74629, 113, 0, 0
38872, 7, 65, 74, 0, 0, 6.40%, 0, 0, 2, 39.31, 74841, 113, 0, 0
38873, 7, 65, 74, 0, 0, 6.40%, 0, 0, 2, 39.97, 74891, 113, 0, 0
38934, 10, 16, 74, 0, 0, 6.40%, 0, 0, 2, 41.28, 77338, 113, 0, 0
38939, 10, 6, 74, 0, 0, 6.40%, 0, 0, 2, 39.15, 77536, 113, 0, 0
38944, 11, 14, 74, 0, 0, 6.40%, 0, 0, 2, 29.35, 77683, 113, 0, 0
38949, 11, 47, 74, 0, 0, 6.40%, 0, 0, 2, 32.59, 77840, 113, 0, 0
38954, 11, 35, 74, 0, 0, 6.40%, 0, 0, 2, 27.86, 77961, 113, 0, 0
38959, 11, 70, 74, 0, 0, 6.40%, 0, 0, 2, 23.43, 78060, 113, 0, 0
38965, 11, 13, 74, 0, 0, 6.40%, 0, 0, 2, 34.52, 78213, 113, 0, 0
38970, 11, 73, 74, 0, 0, 6.40%, 0, 0, 2, 32.82, 78385, 113, 0, 0
38975, 11, 71, 74, 0, 0, 6.40%, 0, 0, 2, 23.79, 78494, 113, 0, 0
38980, 12, 68, 74, 0, 0, 6.40%, 0, 0, 2, 19.18, 78586, 113, 0, 0
38985, 12, 24, 74, 0, 0, 6.40%, 0, 0, 2, 18.13, 78664, 113, 0, 0
38990, 12, 13, 74, 0, 0, 6.40%, 0, 0, 2, 15.97, 78752, 113, 0, 0
38995, 12, 8, 74, 0, 0, 6.40%, 0, 0, 2, 22.07, 78829, 113, 0, 0
39000, 12, 73, 74, 0, 0, 6.40%, 0, 0, 2, 35.21, 78912, 113, 0, 0
39006, 12, 4, 74, 0, 0, 6.40%, 0, 0, 2, 26.33, 79026, 113, 0, 0
39011, 12, 63, 74, 0, 0, 6.40%, 0, 0, 2, 26.70, 79158, 113, 0, 0
39016, 12, 11, 74, 0, 0, 6.40%, 0, 0, 2, 29.97, 79312, 113, 0, 0
39021, 12, 24, 74, 0, 0, 6.40%, 0, 0, 2, 27.83, 79449, 113, 0, 0
39026, 13, 20, 74, 0, 0, 6.40%, 0, 0, 2, 26.65, 79584, 113, 0, 0
39031, 13, 12, 74, 0, 0, 6.40%, 0, 0, 2, 29.86, 79726, 113, 0, 0
39036, 13, 12, 74, 0, 0, 6.40%, 0, 0, 2, 28.57, 79872, 113, 0, 0
39041, 13, 48, 74, 0, 0, 6.40%, 0, 0, 2, 28.77, 80021, 113, 0, 0
39046, 13, 73, 74, 0, 0, 6.40%, 0, 0, 2, 27.24, 80158, 113, 0, 0
39051, 13, 29, 74, 0, 0, 6.40%, 0, 0, 2, 26.02, 80291, 113, 0, 0
39057, 13, 70, 74, 0, 0, 6.40%, 0, 0, 2, 24.79, 80391, 113, 0, 0
39062, 14, 8, 74, 0, 0, 6.40%, 0, 0, 2, 22.94, 80503, 113, 0, 0
39067, 14, 13, 74, 0, 0, 6.40%, 0, 0, 2, 19.57, 80601, 113, 0, 0
39072, 14, 17, 74, 0, 0, 6.40%, 0, 0, 2, 26.06, 80750, 113, 0, 0
39077, 14, 13, 74, 0, 0, 6.40%, 0, 0, 2, 24.41, 80868, 113, 0, 0
39082, 14, 45, 74, 0, 0, 6.40%, 0, 0, 2, 26.11, 81006, 113, 0, 0
39087, 14, 50, 74, 0, 0, 6.40%, 0, 0, 2, 28.15, 81150, 113, 0, 0
39092, 14, 64, 74, 0, 0, 6.40%, 0, 0, 2, 27.59, 81270, 113, 0, 0
39097, 15, 47, 74, 0, 0, 6.40%, 0, 0, 2, 26.29, 81400, 113, 0, 0
39103, 15, 71, 74, 0, 0, 6.40%, 0, 0, 2, 25.92, 81523, 113, 0, 0
39108, 15, 9, 74, 0, 0, 6.40%, 0, 0, 2, 23.98, 81644, 113, 0, 0
39113, 15, 73, 74, 0, 0, 6.40%, 0, 0, 2, 25.70, 81783, 113, 0, 0
39118, 15, 67, 74, 0, 0, 6.40%, 0, 0, 2, 27.36, 81924, 113, 0, 0
39123, 15, 26, 74, 0, 0, 6.40%, 0, 0, 2, 24.21, 82042, 113, 0, 0
39128, 15, 45, 74, 0, 0, 6.40%, 0, 0, 2, 5.92, 82120, 113, 0, 0
39134, 16, 73, 74, 0, 0, 6.40%, 0, 0, 2, 23.81, 82262, 113, 0, 0
39139, 16, 35, 74, 0, 0, 6.40%, 0, 0, 2, 24.58, 82386, 113, 0, 0
39144, 16, 67, 74, 0, 0, 6.40%, 0, 0, 2, 25.50, 82513, 113, 0, 0
39149, 16, 45, 74, 0, 0, 6.40%, 0, 0, 2, 23.03, 82629, 113, 0, 0
39154, 16, 35, 74, 0, 0, 6.40%, 0, 0, 2, 27.03, 82769, 113, 0, 0
39159, 16, 64, 74, 0, 0, 6.40%, 0, 0, 2, 1.76, 82861, 113, 0, 0
39164, 16, 73, 74, 0, 0, 6.40%, 0, 0, 2, 21.25, 82982, 113, 0, 0
39169, 16, 67, 74, 0, 0, 6.40%, 0, 0, 2, 24.92, 83112, 113, 0, 0
39174, 17, 23, 74, 0, 0, 6.40%, 0, 0, 2, 22.29, 83218, 113, 0, 0
39180, 17, 46, 74, 0, 0, 6.40%, 0, 0, 2, 25.94, 83351, 113, 0, 0
39185, 17, 11, 74, 0, 0, 6.40%, 0, 0, 2, 25.57, 83468, 113, 0, 0
39190, 17, 30, 74, 0, 0, 6.40%, 0, 0, 2, 26.73, 83602, 113, 0, 0
39195, 17, 39, 74, 0, 0, 6.40%, 0, 0, 2, 27.79, 83748, 113, 0, 0
39200, 17, 5, 74, 0, 0, 6.40%, 0, 0, 2, 27.88, 83890, 113, 0, 0
39205, 17, 73, 74, 0, 0, 6.40%, 0, 0, 2, 22.03, 84007, 113, 0, 0
39211, 18, 10, 74, 0, 0, 6.40%, 0, 0, 2, 23.86, 84130, 113, 0, 0
39216, 18, 73, 74, 0, 0, 6.40%, 0, 0, 2, 24.61, 84261, 113, 0, 0
39221, 18, 10, 74, 0, 0, 6.40%, 0, 0, 2, 23.56, 84371, 113, 0, 0
39226, 18, 35, 74, 0, 0, 6.40%, 0, 0, 2, 25.71, 84501, 113, 0, 0
39231, 18, 14, 74, 0, 0, 6.40%, 0, 0, 2, 27.69, 84621, 113, 0, 0
39236, 18, 46, 74, 0, 0, 6.40%, 0, 0, 2, 23.63, 84729, 113, 0, 0
39241, 18, 45, 74, 0, 0, 6.40%, 0, 0, 2, 25.28, 84860, 113, 0, 0
39246, 19, 45, 74, 0, 0, 6.40%, 0, 0, 2, 26.77, 84985, 113, 0, 0
39251, 19, 39, 74, 0, 0, 6.40%, 0, 0, 2, 17.97, 85097, 113, 0, 0
39257, 19, 45, 74, 0, 0, 6.40%, 0, 0, 2, 21.28, 85203, 113, 0, 0
39262, 19, 41, 74, 0, 0, 6.40%, 0, 0, 2, 23.62, 85324, 113, 0, 0
39267, 19, 45, 74, 0, 0, 6.40%, 0, 0, 2, 26.57, 85457, 113, 0, 0
39272, 19, 4, 74, 0, 0, 6.40%, 0, 0, 2, 30.10, 85620, 113, 0, 0
39277, 19, 24, 74, 0, 0, 6.40%, 0, 0, 2, 30.79, 85772, 113, 0, 0
39282, 20, 73, 74, 0, 0, 6.40%, 0, 0, 2, 28.29, 85913, 113, 0, 0
39287, 20, 62, 74, 0, 0, 6.40%, 0, 0, 2, 26.57, 86053, 113, 0, 0
39292, 20, 24, 74, 0, 0, 6.40%, 0, 0, 2, 27.14, 86199, 113, 0, 0
39297, 20, 38, 74, 0, 0, 6.40%, 0, 0, 2, 22.59, 86316, 113, 0, 0
39303, 20, 53, 74, 0, 0, 6.40%, 0, 0, 2, 21.94, 86433, 113, 0, 0
39308, 20, 65, 74, 0, 0, 6.40%, 0, 0, 2, 23.77, 86557, 113, 0, 0
39313, 20, 21, 74, 0, 0, 6.40%, 0, 0, 2, 26.15, 86696, 113, 0, 0
39318, 21, 16, 74, 0, 0, 6.40%, 0, 0, 2, 28.07, 86843, 113, 0, 0
39323, 21, 33, 74, 0, 0, 6.40%, 0, 0, 2, 26.48, 86976, 113, 0, 0
39328, 21, 11, 74, 0, 0, 6.40%, 0, 0, 2, 24.68, 87102, 113, 0, 0
39333, 21, 5, 74, 0, 0, 6.40%, 0, 0, 2, 27.22, 87246, 113, 0, 0
39338, 21, 45, 74, 0, 0, 6.40%, 0, 0, 2, 23.96, 87358, 113, 0, 0
39343, 21, 73, 74, 0, 0, 6.40%, 0, 0, 2, 24.32, 87455, 113, 0, 0
39349, 21, 46, 74, 0, 0, 6.40%, 0, 0, 2, 27.79, 87600, 113, 0, 0
39354, 22, 73, 74, 0, 0, 6.40%, 0, 0, 2, 28.46, 87747, 113, 0, 0
39359, 22, 35, 74, 0, 0, 6.40%, 0, 0, 2, 26.12, 87876, 113, 0, 0
39364, 22, 35, 74, 0, 0, 6.40%, 0, 0, 2, 25.48, 88011, 113, 0, 0
39369, 22, 37, 74, 0, 0, 6.40%, 0, 0, 2, 26.92, 88146, 113, 0, 0
39374, 22, 73, 74, 0, 0, 6.40%, 0, 0, 2, 27.40, 88273, 113, 0, 0
39379, 22, 24, 74, 0, 0, 6.40%, 0, 0, 2, 26.62, 88405, 113, 0, 0
39384, 22, 51, 74, 0, 0, 6.40%, 0, 0, 2, 20.75, 88512, 113, 0, 0
39389, 23, 4, 74, 0, 0, 6.40%, 0, 0, 2, 24.11, 88638, 113, 0, 0
39395, 23, 42, 74, 0, 0, 6.40%, 0, 0, 2, 21.60, 88740, 113, 0, 0
39400, 23, 73, 74, 0, 0, 6.40%, 0, 0, 2, 27.56, 88883, 113, 0, 0
39405, 23, 3, 74, 0, 0, 6.40%, 0, 0, 2, 28.12, 89022, 113, 0, 0
39410, 23, 36, 74, 0, 0, 6.40%, 0, 0, 2, 12.93, 89062, 113, 0, 0
39415, 23, 38, 74, 0, 0, 6.40%, 0, 0, 2, 21.81, 89172, 113, 0, 0
39420, 23, 5, 74, 0, 0, 6.40%, 0, 0, 2, 17.05, 89254, 113, 0, 0
39425, 23, 73, 74, 0, 0, 6.40%, 0, 0, 2, 24.07, 89388, 113, 0, 0
39430, 24, 38, 74, 0, 0, 6.40%, 0, 0, 2, 26.86, 89523, 113, 0, 0
39435, 24, 73, 74, 0, 0, 6.40%, 0, 0, 2, 27.95, 89669, 113, 0, 0
39440, 24, 73, 74, 0, 0, 6.40%, 0, 0, 2, 27.74, 89761, 113, 0, 0
39445, 24, 64, 74, 0, 0, 6.40%, 0, 0, 2, 27.44, 89898, 113, 0, 0
39451, 24, 64, 74, 0, 0, 6.40%, 0, 0, 2, 25.17, 90025, 113, 0, 0
39456, 24, 73, 74, 0, 0, 6.40%, 0, 0, 2, 25.45, 90156, 113, 0, 0
39461, 24, 32, 74, 0, 0, 6.40%, 0, 0, 2, 26.35, 90286, 113, 0, 0
39466, 24, 73, 74, 0, 0, 6.40%, 0, 0, 2, 22.79, 90408, 113, 0, 0
39471, 25, 53, 74, 0, 0, 6.40%, 0, 0, 2, 22.04, 90514, 113, 0, 0
39476, 25, 45, 74, 0, 0, 6.40%, 0, 0, 2, 28.90, 90672, 113, 0, 0
39481, 25, 54, 74, 0, 0, 6.40%, 0, 0, 2, 27.93, 90808, 113, 0, 0
39486, 25, 73, 74, 0, 0, 6.40%, 0, 0, 2, 27.76, 90942, 113, 0, 0
39491, 25, 73, 74, 0, 0, 6.40%, 0, 0, 2, 30.10, 91092, 113, 0, 0
39496, 25, 73, 74, 0, 0, 6.40%, 0, 0, 2, 27.29, 91225, 113, 0, 0
39502, 26, 52, 74, 0, 0, 6.40%, 0, 0, 2, 28.59, 91375, 113, 0, 0
39507, 26, 71, 74, 0, 0, 6.40%, 0, 0, 2, 27.79, 91515, 113, 0, 0
39512, 26, 37, 74, 0, 0, 6.40%, 0, 0, 2, 27.74, 91652, 113, 0, 0
39517, 26, 66, 74, 0, 0, 6.40%, 0, 0, 2, 27.97, 91803, 113, 0, 0
39522, 26, 37, 74, 0, 0, 6.40%, 0, 0, 2, 25.04, 91916, 113, 0, 0
39527, 26, 73, 74, 0, 0, 6.40%, 0, 0, 2, 14.37, 92013, 113, 0, 0
39532, 26, 73, 74, 0, 0, 6.40%, 0, 0, 2, 20.89, 92122, 113, 0, 0
39537, 26, 54, 74, 0, 0, 6.40%, 0, 0, 2, 22.38, 92237, 113, 0, 0
39542, 27, 24, 74, 0, 0, 6.40%, 0, 0, 2, 22.80, 92351, 113, 0, 0
39548, 27, 41, 74, 0, 0, 6.40%, 0, 0, 2, 22.60, 92463, 113, 0, 0
39553, 27, 36, 74, 0, 0, 6.40%, 0, 0, 2, 25.34, 92589, 113, 0, 0
39558, 27, 46, 74, 0, 0, 6.40%, 0, 0, 2, 26.59, 92726, 113, 0, 0
39563, 27, 6, 74, 0, 0, 6.40%, 0, 0, 2, 27.19, 92861, 113, 0, 0
39568, 27, 38, 74, 0, 0, 6.40%, 0, 0, 2, 27.64, 93003, 113, 0, 0
39573, 27, 14, 74, 0, 0, 6.40%, 0, 0, 2, 26.86, 93140, 113, 0, 0
39578, 28, 44, 74, 0, 0, 6.40%, 0, 0, 2, 25.90, 93275, 113, 0, 0
39583, 28, 44, 74, 0, 0, 6.40%, 0, 0, 2, 22.62, 93387, 113, 0, 0
39588, 28, 10, 74, 0, 0, 6.40%, 0, 0, 2, 24.34, 93510, 113, 0, 0
39594, 28, 10, 74, 0, 0, 6.40%, 0, 0, 2, 27.19, 93652, 113, 0, 0
39599, 28, 34, 74, 0, 0, 6.40%, 0, 0, 2, 25.02, 93777, 113, 0, 0
39604, 28, 29, 74, 0, 0, 6.40%, 0, 0, 2, 26.55, 93911, 113, 0, 0
39609, 28, 67, 74, 0, 0, 6.40%, 0, 0, 2, 21.57, 94023, 113, 0, 0
39614, 29, 72, 74, 0, 0, 6.40%, 0, 0, 2, 27.06, 94157, 113, 0, 0
39619, 29, 30, 74, 0, 0, 6.40%, 0, 0, 2, 26.14, 94282, 113, 0, 0
39624, 29, 38, 74, 0, 0, 6.40%, 0, 0, 2, 18.91, 94391, 113, 0, 0
39629, 29, 6, 74, 0, 0, 6.40%, 0, 0, 2, 25.19, 94529, 113, 0, 0
39634, 29, 42, 74, 0, 0, 6.40%, 0, 0, 2, 27.10, 94676, 113, 0, 0
39640, 29, 14, 74, 0, 0, 6.40%, 0, 0, 2, 25.63, 94803, 113, 0, 0
39645, 29, 17, 74, 0, 0, 6.40%, 0, 0, 2, 28.43, 94952, 113, 0, 0
39650, 30, 40, 74, 0, 0, 6.40%, 0, 0, 2, 23.66, 95073, 113, 0, 0
39655, 30, 14, 74, 0, 0, 6.40%, 0, 0, 2, 23.67, 95187, 113, 0, 0
39660, 30, 2, 74, 0, 0, 6.40%, 0, 0, 2, 28.10, 95333, 113, 0, 0
39665, 30, 73, 74, 0, 0, 6.40%, 0, 0, 2, 24.08, 95461, 113, 0, 0
39670, 30, 36, 74, 0, 0, 6.40%, 0, 0, 2, 23.44, 95568, 113, 0, 0
39675, 30, 40, 74, 0, 0, 6.40%, 0, 0, 2, 27.71, 95711, 113, 0, 0
39680, 30, 73, 74, 0, 0, 6.40%, 0, 0, 2, 25.90, 95833, 113, 0, 0
39685, 31, 11, 74, 0, 0, 6.40%, 0, 0, 2, 26.86, 95966, 113, 0, 0
39690, 31, 48, 74, 0, 0, 6.40%, 0, 0, 2, 25.78, 96095, 113, 0, 0
39695, 31, 38, 74, 0, 0, 6.40%, 0, 0, 2, 27.05, 96237, 113, 0, 0
39701, 31, 51, 74, 0, 0, 6.40%, 0, 0, 2, 25.76, 96365, 113, 0, 0
39706, 31, 64, 74, 0, 0, 6.40%, 0, 0, 2, 29.94, 96526, 113, 0, 0
39711, 31, 27, 74, 0, 0, 6.40%, 0, 0, 2, 27.67, 96659, 113, 0, 0
39716, 31, 73, 74, 0, 0, 6.40%, 0, 0, 2, 27.21, 96797, 113, 0, 0
39721, 32, 18, 74, 0, 0, 6.40%, 0, 0, 2, 30.75, 96918, 113, 0, 0
39726, 32, 64, 74, 0, 0, 6.40%, 0, 0, 2, 28.87, 97064, 113, 0, 0
39731, 32, 37, 74, 0, 0, 6.40%, 0, 0, 2, 26.97, 97193, 113, 0, 0
39736, 32, 17, 74, 0, 0, 6.40%, 0, 0, 2, 27.55, 97330, 113, 0, 0
39741, 32, 73, 74, 0, 0, 6.40%, 0, 0, 2, 9.39, 97404, 113, 0, 0
39746, 32, 73, 74, 0, 0, 6.40%, 0, 0, 2, 18.70, 97516, 113, 0, 0
39752, 32, 32, 74, 0, 0, 6.40%, 0, 0, 2, 24.84, 97651, 113, 0, 0
39757, 33, 15, 74, 0, 0, 6.40%, 0, 0, 2, 25.13, 97775, 113, 0, 0
39762, 33, 18, 74, 0, 0, 6.40%, 0, 0, 2, 29.33, 97926, 113, 0, 0
39767, 33, 21, 74, 0, 0, 6.40%, 0, 0, 2, 18.33, 98030, 113, 0, 0
39772, 33, 59, 74, 0, 0, 6.40%, 0, 0, 2, 27.21, 98138, 113, 0, 0
39777, 33, 51, 74, 0, 0, 6.40%, 0, 0, 2, 24.71, 98262, 113, 0, 0
39782, 33, 37, 74, 0, 0, 6.40%, 0, 0, 2, 21.11, 98370, 113, 0, 0
39788, 33, 68, 74, 0, 0, 6.40%, 0, 0, 2, 23.99, 98501, 113, 0, 0
39793, 33, 41, 74, 0, 0, 6.40%, 0, 0, 2, 2.53, 98563, 113, 0, 0
39798, 34, 44, 74, 0, 0, 6.40%, 0, 0, 2, 24.98, 98682, 113, 0, 0
39803, 34, 48, 74, 0, 0, 6.40%, 0, 0, 2, 26.05, 98822, 113, 0, 0
39808, 34, 17, 74, 0, 0, 6.40%, 0, 0, 2, 25.84, 98945, 113, 0, 0
39813, 34, 73, 74, 0, 0, 6.40%, 0, 0, 2, 31.06, 99108, 113, 0, 0
39818, 34, 45, 74, 0, 0, 6.40%, 0, 0, 2, 25.79, 99229, 113, 0, 0
39824, 34, 3, 74, 0, 0, 6.40%, 0, 0, 2, 27.14, 99373, 113, 0, 0
39829, 34, 46, 74, 0, 0, 6.40%, 0, 0, 2, 21.23, 99478, 113, 0, 0
39834, 35, 73, 74, 0, 0, 6.40%, 0, 0, 2, 17.66, 99556, 113, 0, 0
39839, 35, 38, 74, 0, 0, 6.40%, 0, 0, 2, 24.85, 99690, 113, 0, 0
39844, 35, 62, 74, 0, 0, 6.40%, 0, 0, 2, 23.41, 99778, 113, 0, 0
39849, 35, 73, 74, 0, 0, 6.40%, 0, 0, 2, 19.08, 99863, 113, 0, 0
39855, 35, 39, 74, 0, 0, 6.40%, 0, 0, 2, 3.96, 99910, 113, 0, 0
39860, 35, 21, 74, 0, 0, 6.40%, 0, 0, 2, 4.61, 99989, 113, 0, 0
39865, 35, 24, 74, 0, 0, 6.40%, 0, 0, 2, 25.23, 100105, 113, 0, 0
39870, 35, 65, 74, 0, 0, 6.40%, 0, 0, 2, 26.90, 100242, 113, 0, 0
39875, 35, 37, 74, 0, 0, 6.40%, 0, 0, 2, 24.51, 100347, 113, 0, 0
39880, 35, 40, 74, 0, 0, 6.40%, 0, 0, 2, 21.73, 100448, 113, 0, 0
39885, 36, 25, 74, 0, 0, 6.40%, 0, 0, 2, 22.94, 100564, 113, 0, 0
39890, 36, 73, 74, 0, 0, 6.40%, 0, 0, 2, 3.86, 100661, 113, 0, 0
39895, 36, 23, 74, 0, 0, 6.40%, 0, 0, 2, 33.26, 100761, 113, 0, 0
39900, 36, 73, 74, 0, 0, 6.40%, 0, 0, 2, 25.02, 100866, 113, 0, 0
39905, 36, 73, 74, 0, 0, 6.40%, 0, 0, 2, 14.89, 100949, 113, 0, 0
39910, 36, 58, 74, 0, 0, 6.40%, 0, 0, 2, 20.69, 101056, 113, 0, 0
39916, 36, 26, 74, 0, 0, 6.40%, 0, 0, 2, 20.29, 101158, 113, 0, 0
39921, 36, 18, 74, 0, 0, 6.40%, 0, 0, 2, 18.96, 101253, 113, 0, 0
39926, 36, 66, 74, 0, 0, 6.40%, 0, 0, 2, 21.62, 101354, 113, 0, 0
39931, 37, 73, 74, 0, 0, 6.40%, 0, 0, 2, 22.86, 101475, 113, 0, 0
39936, 37, 4, 74, 0, 0, 6.40%, 0, 0, 2, 4.09, 101522, 113, 0, 0
39941, 37, 51, 74, 0, 0, 6.40%, 0, 0, 2, 24.61, 101622, 113, 0, 0
39946, 37, 6, 74, 0, 0, 6.40%, 0, 0, 2, 23.99, 101737, 113, 0, 0
39951, 37, 4, 74, 0, 0, 6.40%, 0, 0, 2, 24.01, 101852, 113, 0, 0
39957, 37, 73, 74, 0, 0, 6.40%, 0, 0, 2, 1.83, 101926, 113, 0, 0
39962, 37, 45, 74, 0, 0, 6.40%, 0, 0, 2, 26.75, 102059, 113, 0, 0
39967, 37, 26, 74, 0, 0, 6.40%, 0, 0, 2, 11.52, 102123, 113, 0, 0
39972, 37, 65, 74, 0, 0, 6.40%, 0, 0, 2, 21.25, 102242, 113, 0, 0
39977, 38, 45, 74, 0, 0, 6.40%, 0, 0, 2, 25.47, 102373, 113, 0, 0
39982, 38, 58, 74, 0, 0, 6.40%, 0, 0, 2, 26.28, 102507, 113, 0, 0
39987, 38, 3, 74, 0, 0, 6.40%, 0, 0, 2, 22.46, 102614, 113, 0, 0
39993, 38, 73, 74, 0, 0, 6.40%, 0, 0, 2, 26.78, 102754, 113, 0, 0
39998, 38, 1, 74, 0, 0, 6.40%, 0, 0, 2, 22.28, 102868, 113, 0, 0
40003, 38, 38, 74, 0, 0, 6.40%, 0, 0, 2, 2.36, 102919, 113, 0, 0
40008, 38, 12, 74, 0, 0, 6.40%, 0, 0, 2, 23.22, 103023, 113, 0, 0
40013, 38, 56, 74, 0, 0, 6.40%, 0, 0, 2, 28.67, 103108, 113, 0, 0
40018, 39, 29, 74, 0, 0, 6.40%, 0, 0, 2, 26.44, 103232, 113, 0, 0
40023, 39, 44, 74, 0, 0, 6.40%, 0, 0, 2, 3.36, 103325, 113, 0, 0
40029, 39, 36, 74, 0, 0, 6.40%, 0, 0, 2, 16.21, 103419, 113, 0, 0
40034, 39, 21, 74, 0, 0, 6.40%, 0, 0, 2, 19.64, 103519, 113, 0, 0
40039, 39, 20, 74, 0, 0, 6.40%, 0, 0, 2, 26.10, 103654, 113, 0, 0
40044, 39, 24, 74, 0, 0, 6.40%, 0, 0, 2, 27.30, 103791, 113, 0, 0
40049, 39, 48, 74, 0, 0, 6.40%, 0, 0, 2, 1.00, 103842, 113, 0, 0
40054, 39, 73, 74, 0, 0, 6.40%, 0, 0, 2, 22.28, 103929, 113, 0, 0
40059, 39, 4, 74, 0, 0, 6.40%, 0, 0, 2, 21.23, 104040, 113, 0, 0
40064, 40, 68, 74, 0, 0, 6.40%, 0, 0, 2, 25.39, 104174, 113, 0, 0
40069, 40, 51, 74, 0, 0, 6.40%, 0, 0, 2, 25.55, 104246, 113, 0, 0
40074, 40, 20, 74, 0, 0, 6.40%, 0, 0, 2, 24.02, 104372, 113, 0, 0
40080, 40, 67, 74, 0, 0, 6.40%, 0, 0, 2, 23.90, 104497, 113, 0, 0
40085, 40, 17, 74, 0, 0, 6.40%, 0, 0, 2, 0.96, 104557, 113, 0, 0
40090, 40, 64, 74, 0, 0, 6.40%, 0, 0, 2, 14.76, 104629, 113, 0, 0
40096, 40, 46, 74, 0, 0, 6.40%, 0, 0, 2, 18.28, 104728, 113, 0, 0
40101, 40, 44, 74, 0, 0, 6.40%, 0, 0, 2, 22.53, 104846, 113, 0, 0
40106, 40, 40, 74, 0, 0, 6.40%, 0, 0, 2, 25.86, 104984, 113, 0, 0
40111, 41, 12, 74, 0, 0, 6.40%, 0, 0, 2, 34.18, 105108, 113, 0, 0
40116, 41, 37, 74, 0, 0, 6.40%, 0, 0, 2, 29.70, 105210, 113, 0, 0
40121, 41, 11, 74, 0, 0, 6.40%, 0, 0, 2, 27.19, 105339, 113, 0, 0
40126, 41, 20, 74, 0, 0, 6.40%, 0, 0, 2, 27.50, 105478, 113, 0, 0
40132, 41, 36, 74, 0, 0, 6.40%, 0, 0, 2, 28.05, 105617, 113, 0, 0
40137, 41, 69, 74, 0, 0, 6.40%, 0, 0, 2, 26.98, 105755, 113, 0, 0
40142, 41, 51, 74, 0, 0, 6.40%, 0, 0, 2, 23.45, 105867, 113, 0, 0
40147, 42, 58, 74, 0, 0, 6.40%, 0, 0, 2, 25.01, 105994, 113, 0, 0
40152, 42, 6, 74, 0, 0, 6.40%, 0, 0, 2, 24.02, 106114, 113, 0, 0
40157, 42, 20, 74, 0, 0, 6.40%, 0, 0, 2, 2.59, 106229, 113, 0, 0
40163, 42, 73, 74, 0, 0, 6.40%, 0, 0, 2, 6.43, 106294, 113, 0, 0
40168, 42, 30, 74, 0, 0, 6.40%, 0, 0, 2, 24.18, 106440, 113, 0, 0
40173, 42, 1, 74, 0, 0, 6.40%, 0, 0, 2, 27.55, 106583, 113, 0, 0
40178, 42, 64, 74, 0, 0, 6.40%, 0, 0, 2, 27.69, 106731, 113, 0, 0
40183, 43, 48, 74, 0, 0, 6.40%, 0, 0, 2, 26.69, 106868, 113, 0, 0
40188, 43, 11, 74, 0, 0, 6.40%, 0, 0, 2, 21.90, 106969, 113, 0, 0
40193, 43, 32, 74, 0, 0, 6.40%, 0, 0, 2, 26.41, 107109, 113, 0, 0
40198, 43, 14, 74, 0, 0, 6.40%, 0, 0, 2, 26.78, 107250, 113, 0, 0
40204, 43, 73, 74, 0, 0, 6.40%, 0, 0, 2, 29.58, 107385, 113, 0, 0
40209, 43, 35, 74, 0, 0, 6.40%, 0, 0, 2, 26.16, 107509, 113, 0, 0
40214, 43, 47, 74, 0, 0, 6.40%, 0, 0, 2, 2.79, 107569, 113, 0, 0
40219, 43, 16, 74, 0, 0, 6.40%, 0, 0, 2, 3.66, 107655, 113, 0, 0
40224, 44, 40, 74, 0, 0, 6.40%, 0, 0, 2, 29.85, 107796, 113, 0, 0
40229, 44, 73, 74, 0, 0, 6.40%, 0, 0, 2, 4.85, 107930, 113, 0, 0
40234, 44, 20, 74, 0, 0, 6.40%, 0, 0, 2, 22.86, 108071, 113, 0, 0
40239, 44, 11, 74, 0, 0, 6.40%, 0, 0, 2, 23.40, 108195, 113, 0, 0
40244, 44, 12, 74, 0, 0, 6.40%, 0, 0, 2, 23.14, 108311, 113, 0, 0
40249, 44, 5, 74, 0, 0, 6.40%, 0, 0, 2, 24.65, 108435, 113, 0, 0
40254, 44, 18, 74, 0, 0, 6.40%, 0, 0, 2, 25.35, 108562, 113, 0, 0
40260, 45, 73, 74, 0, 0, 6.40%, 0, 0, 2, 27.66, 108710, 113, 0, 0
40265, 45, 48, 74, 0, 0, 6.40%, 0, 0, 2, 25.69, 108841, 113, 0, 0
40270, 45, 33, 74, 0, 0, 6.40%, 0, 0, 2, 5.86, 108878, 113, 0, 0
40275, 45, 16, 74, 0, 0, 6.40%, 0, 0, 2, 21.95, 109001, 113, 0, 0
40280, 45, 73, 74, 0, 0, 6.40%, 0, 0, 2, 23.14, 109110, 113, 0, 0
40285, 45, 34, 74, 0, 0, 6.40%, 0, 0, 2, 26.51, 109247, 113, 0, 0
40290, 45, 69, 74, 0, 0, 6.40%, 0, 0, 2, 26.98, 109386, 113, 0, 0
40295, 45, 44, 74, 0, 0, 6.40%, 0, 0, 2, 28.60, 109535, 113, 0, 0
40300, 46, 3, 74, 0, 0, 6.40%, 0, 0, 2, 3.13, 109594, 113, 0, 0
40306, 46, 4, 74, 0, 0, 6.40%, 0, 0, 2, 22.97, 109706, 113, 0, 0
40311, 46, 66, 74, 0, 0, 6.40%, 0, 0, 2, 30.25, 109855, 113, 0, 0
40316, 46, 73, 74, 0, 0, 6.40%, 0, 0, 2, 3.74, 109958, 113, 0, 0
40321, 46, 73, 74, 0, 0, 6.40%, 0, 0, 2, 26.16, 110089, 113, 0, 0
40326, 46, 70, 74, 0, 0, 6.40%, 0, 0, 2, 23.60, 110205, 113, 0, 0
40331, 46, 71, 74, 0, 0, 6.40%, 0, 0, 2, 6.36, 110286, 113, 0, 0
40336, 46, 66, 74, 0, 0, 6.40%, 0, 0, 2, 30.07, 110405, 113, 0, 0
40341, 46, 31, 74, 0, 0, 6.40%, 0, 0, 2, 11.58, 110451, 113, 0, 0
40347, 47, 24, 74, 0, 0, 6.40%, 0, 0, 2, 20.23, 110502, 113, 0, 0
40352, 47, 14, 74, 0, 0, 6.40%, 0, 0, 2, 21.43, 110611, 113, 0, 0
40357, 47, 48, 74, 0, 0, 6.40%, 0, 0, 2, 20.20, 110703, 113, 0, 0
40362, 47, 12, 74, 0, 0, 6.40%, 0, 0, 2, 26.42, 110836, 113, 0, 0
40367, 47, 26, 74, 0, 0, 6.40%, 0, 0, 2, 25.71, 110960, 113, 0, 0
40372, 47, 28, 74, 0, 0, 6.40%, 0, 0, 2, 22.91, 111066, 113, 0, 0
40377, 47, 73, 74, 0, 0, 6.40%, 0, 0, 2, 25.54, 111176, 113, 0, 0
40382, 47, 47, 74, 0, 0, 6.40%, 0, 0, 2, 23.93, 111292, 113, 0, 0
40387, 48, 73, 74, 0, 0, 6.40%, 0, 0, 2, 24.63, 111417, 113, 0, 0
40392, 48, 73, 74, 0, 0, 6.40%, 0, 0, 2, 4.53, 111537, 113, 0, 0
40397, 48, 20, 74, 0, 0, 6.40%, 0, 0, 2, 17.51, 111636, 113, 0, 0
40400, 48, 64, 74, 0, 0, 6.40%, 0, 0, 2, 20.70, 111705, 113, 0, 0
40404, 49, 61, 74, 0, 0, 6.40%, 0, 0, 2, 18.81, 111792, 113, 0, 0
