# relative_time, cycles_done, cur_item, corpus_count, pending_total, pending_favs, map_size, saved_crashes, saved_hangs, max_depth, execs_per_sec, total_execs, edges_found, total_crashes, servers_count
61, 0, 31, 70, 56, 6, 6.40%, 0, 0, 2, 42.44, 3098, 113, 0, 0
66, 0, 31, 70, 56, 6, 6.40%, 0, 0, 2, 37.22, 3263, 113, 0, 0
71, 0, 52, 70, 55, 5, 6.40%, 0, 0, 2, 32.13, 3423, 113, 0, 0
76, 0, 52, 70, 55, 5, 6.40%, 0, 0, 2, 34.40, 3604, 113, 0, 0
81, 0, 52, 70, 55, 5, 6.40%, 0, 0, 2, 38.13, 3784, 113, 0, 0
86, 0, 52, 70, 55, 5, 6.40%, 0, 0, 2, 33.42, 3934, 113, 0, 0
91, 0, 52, 70, 55, 5, 6.40%, 0, 0, 2, 29.24, 4092, 113, 0, 0
96, 0, 52, 70, 55, 5, 6.40%, 0, 0, 2, 37.71, 4267, 113, 0, 0
101, 0, 52, 70, 55, 5, 6.40%, 0, 0, 2, 35.91, 4435, 113, 0, 0
107, 0, 52, 70, 55, 5, 6.40%, 0, 0, 2, 39.35, 4639, 113, 0, 0
112, 0, 52, 70, 55, 5, 6.40%, 0, 0, 2, 41.24, 4848, 113, 0, 0
117, 0, 52, 70, 55, 5, 6.40%, 0, 0, 2, 40.25, 5051, 113, 0, 0
122, 0, 52, 70, 55, 5, 6.40%, 0, 0, 2, 41.46, 5265, 113, 0, 0
127, 0, 52, 70, 55, 5, 6.40%, 0, 0, 2, 40.26, 5464, 113, 0, 0
132, 0, 65, 70, 54, 4, 6.40%, 0, 0, 2, 41.14, 5673, 113, 0, 0
137, 0, 66, 70, 53, 3, 6.40%, 0, 0, 2, 41.31, 5883, 113, 0, 0
142, 0, 68, 71, 52, 2, 6.40%, 0, 0, 2, 39.63, 6086, 113, 0, 0
147, 1, 0, 71, 50, 0, 6.40%, 0, 0, 2, 40.07, 6284, 113, 0, 0
152, 1, 13, 71, 48, 0, 6.40%, 0, 0, 2, 42.02, 6501, 113, 0, 0
157, 1, 18, 71, 48, 0, 6.40%, 0, 0, 2, 47.55, 6750, 113, 0, 0
162, 1, 21, 71, 47, 0, 6.40%, 0, 0, 2, 45.51, 6979, 113, 0, 0
167, 1, 29, 71, 46, 0, 6.40%, 0, 0, 2, 38.77, 7173, 113, 0, 0
173, 1, 40, 71, 42, 0, 6.40%, 0, 0, 2, 39.43, 7369, 113, 0, 0
178, 1, 54, 71, 40, 0, 6.40%, 0, 0, 2, 43.06, 7595, 113, 0, 0
183, 1, 65, 71, 37, 0, 6.40%, 0, 0, 2, 39.71, 7782, 113, 0, 0
188, 1, 70, 71, 36, 0, 6.40%, 0, 0, 2, 42.13, 7999, 113, 0, 0
193, 2, 12, 71, 34, 0, 6.40%, 0, 0, 2, 42.79, 8211, 113, 0, 0
198, 2, 17, 71, 34, 0, 6.40%, 0, 0, 2, 48.11, 8458, 113, 0, 0
203, 2, 21, 71, 34, 0, 6.40%, 0, 0, 2, 47.89, 8700, 113, 0, 0
208, 2, 25, 71, 34, 0, 6.40%, 0, 0, 2, 45.52, 8940, 113, 0, 0
213, 2, 39, 72, 32, 0, 6.40%, 0, 0, 2, 42.31, 9155, 113, 0, 0
218, 2, 54, 72, 29, 0, 6.40%, 0, 0, 2, 45.91, 9392, 113, 0, 0
224, 2, 68, 72, 29, 0, 6.40%, 0, 0, 2, 45.61, 9627, 113, 0, 0
229, 2, 71, 73, 30, 0, 6.40%, 0, 0, 3, 40.52, 9834, 113, 0, 0
234, 3, 9, 73, 27, 0, 6.40%, 0, 0, 3, 42.59, 10048, 113, 0, 0
239, 3, 15, 73, 26, 0, 6.40%, 0, 0, 3, 45.66, 10280, 113, 0, 0
244, 3, 20, 73, 25, 0, 6.40%, 0, 0, 3, 47.91, 10535, 113, 0, 0
249, 3, 23, 73, 24, 0, 6.40%, 0, 0, 3, 44.74, 10756, 113, 0, 0
254, 3, 52, 73, 22, 0, 6.40%, 0, 0, 3, 44.62, 10983, 113, 0, 0
259, 3, 66, 73, 21, 0, 6.40%, 0, 0, 3, 45.71, 11209, 113, 0, 0
264, 4, 10, 73, 21, 0, 6.40%, 0, 0, 3, 45.82, 11444, 113, 0, 0
269, 4, 14, 73, 20, 0, 6.40%, 0, 0, 3, 45.34, 11667, 113, 0, 0
274, 4, 20, 73, 20, 0, 6.40%, 0, 0, 3, 49.75, 11922, 113, 0, 0
279, 4, 31, 73, 20, 0, 6.40%, 0, 0, 3, 46.48, 12160, 113, 0, 0
284, 4, 52, 73, 17, 0, 6.40%, 0, 0, 3, 44.72, 12387, 113, 0, 0
289, 4, 65, 73, 16, 0, 6.40%, 0, 0, 3, 40.89, 12582, 113, 0, 0
294, 5, 0, 73, 16, 0, 6.40%, 0, 0, 3, 40.94, 12796, 113, 0, 0
300, 5, 13, 73, 15, 0, 6.40%, 0, 0, 3, 39.56, 13000, 113, 0, 0
305, 5, 18, 73, 15, 0, 6.40%, 0, 0, 3, 44.45, 13227, 113, 0, 0
310, 5, 23, 73, 15, 0, 6.40%, 0, 0, 3, 45.66, 13457, 113, 0, 0
315, 5, 31, 73, 13, 0, 6.40%, 0, 0, 3, 45.72, 13690, 113, 0, 0
320, 5, 59, 73, 11, 0, 6.40%, 0, 0, 3, 45.05, 13911, 113, 0, 0
325, 5, 66, 73, 9, 0, 6.40%, 0, 0, 3, 46.15, 14139, 113, 0, 0
330, 6, 12, 73, 9, 0, 6.40%, 0, 0, 3, 46.17, 14369, 113, 0, 0
335, 6, 17, 73, 9, 0, 6.40%, 0, 0, 3, 47.59, 14610, 113, 0, 0
340, 6, 21, 73, 9, 0, 6.40%, 0, 0, 3, 49.29, 14858, 113, 0, 0
345, 6, 31, 73, 8, 0, 6.40%, 0, 0, 3, 42.57, 15074, 113, 0, 0
350, 6, 65, 73, 8, 0, 6.40%, 0, 0, 3, 38.55, 15264, 113, 0, 0
356, 6, 70, 73, 8, 0, 6.40%, 0, 0, 3, 37.53, 15460, 113, 0, 0
361, 7, 13, 73, 8, 0, 6.40%, 0, 0, 3, 30.48, 15590, 113, 0, 0
366, 7, 14, 73, 8, 0, 6.40%, 0, 0, 3, 27.86, 15714, 113, 0, 0
371, 7, 18, 73, 8, 0, 6.40%, 0, 0, 3, 33.45, 15880, 113, 0, 0
376, 7, 23, 73, 8, 0, 6.40%, 0, 0, 3, 36.23, 16071, 113, 0, 0
381, 7, 46, 73, 8, 0, 6.40%, 0, 0, 3, 35.79, 16256, 113, 0, 0
386, 7, 61, 73, 8, 0, 6.40%, 0, 0, 3, 38.43, 16453, 113, 0, 0
391, 7, 66, 73, 6, 0, 6.40%, 0, 0, 3, 35.24, 16634, 113, 0, 0
397, 8, 3, 73, 6, 0, 6.40%, 0, 0, 3, 33.91, 16810, 113, 0, 0
402, 8, 13, 73, 4, 0, 6.40%, 0, 0, 3, 35.19, 16991, 113, 0, 0
407, 8, 17, 73, 4, 0, 6.40%, 0, 0, 3, 39.98, 17193, 113, 0, 0
412, 8, 21, 73, 4, 0, 6.40%, 0, 0, 3, 37.80, 17389, 113, 0, 0
417, 8, 24, 73, 4, 0, 6.40%, 0, 0, 3, 33.73, 17560, 113, 0, 0
422, 8, 65, 73, 4, 0, 6.40%, 0, 0, 3, 37.75, 17757, 113, 0, 0
427, 9, 0, 73, 4, 0, 6.40%, 0, 0, 3, 39.54, 17964, 113, 0, 0
432, 9, 13, 73, 4, 0, 6.40%, 0, 0, 3, 40.85, 18171, 113, 0, 0
437, 9, 17, 73, 4, 0, 6.40%, 0, 0, 3, 42.67, 18388, 113, 0, 0
443, 9, 21, 73, 4, 0, 6.40%, 0, 0, 3, 42.32, 18606, 113, 0, 0
448, 9, 31, 73, 4, 0, 6.40%, 0, 0, 3, 40.16, 18808, 113, 0, 0
453, 9, 65, 73, 3, 0, 6.40%, 0, 0, 3, 41.61, 19019, 113, 0, 0
458, 9, 71, 73, 3, 0, 6.40%, 0, 0, 3, 41.21, 19231, 113, 0, 0
463, 10, 8, 73, 3, 0, 6.40%, 0, 0, 3, 40.14, 19430, 113, 0, 0
468, 10, 14, 73, 3, 0, 6.40%, 0, 0, 3, 44.72, 19661, 113, 0, 0
473, 10, 18, 73, 3, 0, 6.40%, 0, 0, 3, 44.56, 19867, 113, 0, 0
478, 10, 24, 73, 3, 0, 6.40%, 0, 0, 3, 47.85, 20115, 113, 0, 0
483, 10, 52, 73, 2, 0, 6.40%, 0, 0, 3, 45.85, 20342, 113, 0, 0
488, 10, 68, 73, 2, 0, 6.40%, 0, 0, 3, 48.63, 20587, 113, 0, 0
493, 11, 13, 73, 2, 0, 6.40%, 0, 0, 3, 47.57, 20827, 113, 0, 0
498, 11, 18, 73, 2, 0, 6.40%, 0, 0, 3, 49.72, 21082, 113, 0, 0
503, 11, 23, 73, 2, 0, 6.40%, 0, 0, 3, 48.61, 21327, 113, 0, 0
508, 11, 46, 73, 2, 0, 6.40%, 0, 0, 3, 44.93, 21554, 113, 0, 0
513, 11, 65, 73, 2, 0, 6.40%, 0, 0, 3, 45.80, 21787, 113, 0, 0
518, 11, 70, 73, 2, 0, 6.40%, 0, 0, 3, 46.62, 22023, 113, 0, 0
523, 12, 14, 73, 2, 0, 6.40%, 0, 0, 3, 47.31, 22258, 113, 0, 0
529, 12, 20, 73, 2, 0, 6.40%, 0, 0, 3, 47.70, 22503, 113, 0, 0
534, 12, 24, 73, 2, 0, 6.40%, 0, 0, 3, 46.64, 22736, 113, 0, 0
539, 12, 65, 73, 2, 0, 6.40%, 0, 0, 3, 40.58, 22943, 113, 0, 0
544, 12, 68, 73, 2, 0, 6.40%, 0, 0, 3, 42.66, 23164, 113, 0, 0
549, 13, 14, 73, 2, 0, 6.40%, 0, 0, 3, 45.63, 23400, 113, 0, 0
554, 13, 18, 73, 2, 0, 6.40%, 0, 0, 3, 44.63, 23615, 113, 0, 0
559, 13, 23, 73, 2, 0, 6.40%, 0, 0, 3, 45.75, 23854, 113, 0, 0
564, 13, 54, 73, 2, 0, 6.40%, 0, 0, 3, 43.11, 24071, 113, 0, 0
569, 13, 65, 73, 1, 0, 6.40%, 0, 0, 3, 39.39, 24259, 113, 0, 0
574, 14, 0, 73, 1, 0, 6.40%, 0, 0, 3, 44.64, 24496, 113, 0, 0
580, 14, 16, 73, 1, 0, 6.40%, 0, 0, 3, 47.04, 24738, 113, 0, 0
585, 14, 21, 73, 1, 0, 6.40%, 0, 0, 3, 46.03, 24980, 113, 0, 0
590, 14, 31, 73, 1, 0, 6.40%, 0, 0, 3, 38.96, 25176, 113, 0, 0
595, 14, 64, 73, 1, 0, 6.40%, 0, 0, 3, 31.50, 25332, 113, 0, 0
600, 14, 66, 73, 1, 0, 6.40%, 0, 0, 3, 33.94, 25503, 113, 0, 0
605, 15, 0, 73, 1, 0, 6.40%, 0, 0, 3, 29.02, 25639, 113, 0, 0
610, 15, 13, 73, 1, 0, 6.40%, 0, 0, 3, 28.79, 25772, 113, 0, 0
615, 15, 16, 73, 1, 0, 6.40%, 0, 0, 3, 26.81, 25908, 113, 0, 0
620, 15, 20, 73, 1, 0, 6.40%, 0, 0, 3, 32.08, 26079, 113, 0, 0
625, 15, 23, 73, 1, 0, 6.40%, 0, 0, 3, 35.86, 26274, 113, 0, 0
631, 15, 41, 73, 1, 0, 6.40%, 0, 0, 3, 33.20, 26440, 113, 0, 0
636, 15, 65, 73, 0, 0, 6.40%, 0, 0, 3, 31.41, 26599, 113, 0, 0
641, 16, 0, 73, 0, 0, 6.40%, 0, 0, 3, 40.06, 26814, 113, 0, 0
646, 16, 16, 73, 0, 0, 6.40%, 0, 0, 3, 43.91, 27040, 113, 0, 0
651, 16, 20, 73, 0, 0, 6.40%, 0, 0, 3, 43.18, 27256, 113, 0, 0
656, 16, 24, 73, 0, 0, 6.40%, 0, 0, 3, 40.65, 27461, 113, 0, 0
661, 16, 65, 73, 0, 0, 6.40%, 0, 0, 3, 41.60, 27672, 113, 0, 0
666, 16, 68, 73, 0, 0, 6.40%, 0, 0, 3, 36.43, 27856, 113, 0, 0
671, 17, 12, 73, 0, 0, 6.40%, 0, 0, 3, 35.57, 28027, 113, 0, 0
676, 17, 16, 73, 0, 0, 6.40%, 0, 0, 3, 36.59, 28225, 113, 0, 0
681, 17, 20, 73, 0, 0, 6.40%, 0, 0, 3, 38.44, 28436, 113, 0, 0
686, 17, 31, 73, 0, 0, 6.40%, 0, 0, 3, 42.30, 28646, 113, 0, 0
692, 17, 65, 73, 0, 0, 6.40%, 0, 0, 3, 44.09, 28861, 113, 0, 0
697, 17, 70, 73, 0, 0, 6.40%, 0, 0, 3, 46.72, 29102, 113, 0, 0
702, 18, 14, 73, 0, 0, 6.40%, 0, 0, 3, 46.63, 29335, 113, 0, 0
707, 18, 20, 73, 0, 0, 6.40%, 0, 0, 3, 46.93, 29574, 113, 0, 0
712, 18, 24, 73, 0, 0, 6.40%, 0, 0, 3, 36.43, 29766, 113, 0, 0
717, 18, 32, 73, 0, 0, 6.40%, 0, 0, 3, 25.28, 29880, 113, 0, 0
722, 18, 52, 73, 0, 0, 6.40%, 0, 0, 3, 22.85, 29997, 113, 0, 0
727, 18, 65, 73, 0, 0, 6.40%, 0, 0, 3, 23.89, 30121, 113, 0, 0
732, 18, 68, 73, 0, 0, 6.40%, 0, 0, 3, 17.36, 30201, 113, 0, 0
737, 18, 70, 73, 0, 0, 6.40%, 0, 0, 3, 15.83, 30280, 113, 0, 0
742, 19, 13, 73, 0, 0, 6.40%, 0, 0, 3, 25.94, 30412, 113, 0, 0
748, 19, 16, 73, 0, 0, 6.40%, 0, 0, 3, 34.57, 30592, 113, 0, 0
753, 19, 20, 73, 0, 0, 6.40%, 0, 0, 3, 34.26, 30772, 113, 0, 0
758, 19, 23, 73, 0, 0, 6.40%, 0, 0, 3, 34.07, 30945, 113, 0, 0
763, 19, 41, 73, 0, 0, 6.40%, 0, 0, 3, 32.44, 31103, 113, 0, 0
768, 19, 52, 73, 0, 0, 6.40%, 0, 0, 3, 32.11, 31258, 113, 0, 0
773, 19, 66, 73, 0, 0, 6.40%, 0, 0, 3, 35.75, 31444, 113, 0, 0
778, 19, 71, 73, 0, 0, 6.40%, 0, 0, 3, 34.56, 31625, 113, 0, 0
783, 20, 13, 73, 0, 0, 6.40%, 0, 0, 3, 33.64, 31791, 113, 0, 0
788, 20, 16, 73, 0, 0, 6.40%, 0, 0, 3, 36.89, 31981, 113, 0, 0
794, 20, 20, 73, 0, 0, 6.40%, 0, 0, 3, 38.94, 32182, 113, 0, 0
799, 20, 24, 73, 0, 0, 6.40%, 0, 0, 3, 37.54, 32373, 113, 0, 0
804, 20, 34, 73, 0, 0, 6.40%, 0, 0, 3, 40.93, 32577, 113, 0, 0
809, 20, 52, 73, 0, 0, 6.40%, 0, 0, 3, 38.59, 32769, 113, 0, 0
814, 20, 66, 73, 0, 0, 6.40%, 0, 0, 3, 41.52, 32968, 113, 0, 0
819, 21, 5, 73, 0, 0, 6.40%, 0, 0, 3, 39.70, 33163, 113, 0, 0
824, 21, 16, 73, 0, 0, 6.40%, 0, 0, 3, 42.64, 33384, 113, 0, 0
829, 21, 20, 73, 0, 0, 6.40%, 0, 0, 3, 45.58, 33612, 113, 0, 0
834, 21, 24, 73, 0, 0, 6.40%, 0, 0, 3, 39.97, 33801, 113, 0, 0
840, 21, 53, 73, 0, 0, 6.40%, 0, 0, 3, 40.87, 34012, 113, 0, 0
845, 21, 66, 73, 0, 0, 6.40%, 0, 0, 3, 42.28, 34216, 113, 0, 0
850, 22, 3, 73, 0, 0, 6.40%, 0, 0, 3, 45.36, 34454, 113, 0, 0
855, 22, 16, 73, 0, 0, 6.40%, 0, 0, 3, 46.92, 34693, 113, 0, 0
860, 22, 20, 73, 0, 0, 6.40%, 0, 0, 3, 49.00, 34944, 113, 0, 0
865, 22, 31, 73, 0, 0, 6.40%, 0, 0, 3, 45.90, 35176, 113, 0, 0
870, 22, 65, 73, 0, 0, 6.40%, 0, 0, 3, 46.84, 35410, 113, 0, 0
875, 23, 5, 73, 0, 0, 6.40%, 0, 0, 3, 48.20, 35656, 113, 0, 0
880, 23, 14, 73, 0, 0, 6.40%, 0, 0, 3, 47.49, 35891, 113, 0, 0
885, 23, 18, 73, 0, 0, 6.40%, 0, 0, 3, 48.61, 36139, 113, 0, 0
890, 23, 23, 73, 0, 0, 6.40%, 0, 0, 3, 46.10, 36367, 113, 0, 0
895, 23, 51, 73, 0, 0, 6.40%, 0, 0, 3, 43.83, 36581, 113, 0, 0
900, 23, 66, 73, 0, 0, 6.40%, 0, 0, 3, 45.52, 36811, 113, 0, 0
906, 24, 5, 73, 0, 0, 6.40%, 0, 0, 3, 43.76, 37032, 113, 0, 0
911, 24, 16, 73, 0, 0, 6.40%, 0, 0, 3, 46.46, 37267, 113, 0, 0
916, 24, 21, 73, 0, 0, 6.40%, 0, 0, 3, 48.90, 37526, 113, 0, 0
921, 24, 31, 73, 0, 0, 6.40%, 0, 0, 3, 45.76, 37763, 113, 0, 0
926, 24, 65, 73, 0, 0, 6.40%, 0, 0, 3, 42.87, 37976, 113, 0, 0
931, 24, 69, 73, 0, 0, 6.40%, 0, 0, 3, 43.15, 38193, 113, 0, 0
936, 25, 12, 73, 0, 0, 6.40%, 0, 0, 3, 39.84, 38391, 113, 0, 0
941, 25, 17, 73, 0, 0, 6.40%, 0, 0, 3, 44.05, 38619, 113, 0, 0
946, 25, 21, 73, 0, 0, 6.40%, 0, 0, 3, 45.09, 38847, 113, 0, 0
951, 25, 28, 73, 0, 0, 6.40%, 0, 0, 3, 41.43, 39055, 113, 0, 0
956, 25, 60, 73, 0, 0, 6.40%, 0, 0, 3, 2.58, 39236, 113, 0, 0
962, 25, 65, 73, 0, 0, 6.40%, 0, 0, 3, 36.66, 39430, 113, 0, 0
967, 25, 71, 73, 0, 0, 6.40%, 0, 0, 3, 38.30, 39634, 113, 0, 0
972, 26, 13, 74, 1, 0, 6.40%, 0, 0, 3, 41.85, 39846, 113, 0, 0
977, 26, 16, 74, 1, 0, 6.40%, 0, 0, 3, 24.85, 40022, 113, 0, 0
982, 26, 20, 74, 1, 0, 6.40%, 0, 0, 3, 36.06, 40214, 113, 0, 0
987, 26, 24, 74, 1, 0, 6.40%, 0, 0, 3, 41.33, 40432, 113, 0, 0
992, 26, 52, 74, 1, 0, 6.40%, 0, 0, 3, 42.67, 40648, 113, 0, 0
997, 26, 68, 74, 1, 0, 6.40%, 0, 0, 3, 44.45, 40878, 113, 0, 0
1002, 27, 13, 74, 1, 0, 6.40%, 0, 0, 3, 41.80, 41088, 113, 0, 0
1007, 27, 17, 74, 1, 0, 6.40%, 0, 0, 3, 44.97, 41322, 113, 0, 0
1012, 27, 21, 74, 1, 0, 6.40%, 0, 0, 3, 45.33, 41553, 113, 0, 0
1017, 27, 52, 74, 1, 0, 6.40%, 0, 0, 3, 43.32, 41775, 113, 0, 0
1022, 27, 66, 74, 1, 0, 6.40%, 0, 0, 3, 43.78, 41996, 113, 0, 0
1028, 27, 73, 74, 1, 0, 6.40%, 0, 0, 3, 42.68, 42216, 113, 0, 0
1033, 27, 74, 74, 0, 0, 6.40%, 0, 0, 3, 40.72, 42422, 113, 0, 0
1038, 28, 13, 74, 0, 0, 6.40%, 0, 0, 3, 39.72, 42623, 113, 0, 0
1043, 28, 17, 74, 0, 0, 6.40%, 0, 0, 3, 45.39, 42857, 113, 0, 0
1048, 28, 21, 74, 0, 0, 6.40%, 0, 0, 3, 45.06, 43084, 113, 0, 0
1053, 28, 46, 74, 0, 0, 6.40%, 0, 0, 3, 42.39, 43299, 113, 0, 0
1058, 28, 66, 74, 0, 0, 6.40%, 0, 0, 3, 43.98, 43521, 113, 0, 0
1063, 28, 70, 74, 0, 0, 6.40%, 0, 0, 3, 45.74, 43757, 113, 0, 0
1068, 29, 14, 74, 0, 0, 6.40%, 0, 0, 3, 45.21, 43975, 113, 0, 0
1073, 29, 20, 74, 0, 0, 6.40%, 0, 0, 3, 48.69, 44229, 113, 0, 0
1078, 29, 23, 74, 0, 0, 6.40%, 0, 0, 3, 42.53, 44441, 113, 0, 0
1083, 29, 52, 74, 0, 0, 6.40%, 0, 0, 3, 43.98, 44668, 113, 0, 0
1089, 29, 70, 74, 0, 0, 6.40%, 0, 0, 3, 46.30, 44906, 113, 0, 0
1094, 30, 13, 74, 0, 0, 6.40%, 0, 0, 3, 44.69, 45131, 113, 0, 0
1099, 30, 18, 74, 0, 0, 6.40%, 0, 0, 3, 48.23, 45383, 113, 0, 0
1104, 30, 23, 74, 0, 0, 6.40%, 0, 0, 3, 46.83, 45621, 113, 0, 0
1109, 30, 43, 74, 0, 0, 6.40%, 0, 0, 3, 41.87, 45830, 113, 0, 0
1114, 30, 65, 74, 0, 0, 6.40%, 0, 0, 3, 42.51, 46046, 113, 0, 0
1119, 31, 0, 74, 0, 0, 6.40%, 0, 0, 3, 44.15, 46271, 113, 0, 0
1124, 31, 16, 74, 0, 0, 6.40%, 0, 0, 3, 46.53, 46502, 113, 0, 0
1129, 31, 20, 74, 0, 0, 6.40%, 0, 0, 3, 46.06, 46742, 113, 0, 0
1134, 31, 35, 74, 0, 0, 6.40%, 0, 0, 3, 47.35, 46990, 113, 0, 0
1139, 31, 65, 74, 0, 0, 6.40%, 0, 0, 3, 43.99, 47208, 113, 0, 0
1145, 31, 70, 74, 0, 0, 6.40%, 0, 0, 3, 40.82, 47447, 113, 0, 0
1150, 32, 14, 74, 0, 0, 6.40%, 0, 0, 3, 43.11, 47656, 113, 0, 0
1155, 32, 17, 74, 0, 0, 6.40%, 0, 0, 3, 45.27, 47888, 113, 0, 0
1160, 32, 21, 74, 0, 0, 6.40%, 0, 0, 3, 44.93, 48120, 113, 0, 0
1165, 32, 31, 74, 0, 0, 6.40%, 0, 0, 3, 38.86, 48313, 113, 0, 0
1170, 32, 65, 74, 0, 0, 6.40%, 0, 0, 3, 33.65, 48503, 113, 0, 0
1175, 32, 68, 74, 0, 0, 6.40%, 0, 0, 3, 36.87, 48701, 113, 0, 0
1180, 33, 13, 74, 0, 0, 6.40%, 0, 0, 3, 38.03, 48899, 113, 0, 0
1185, 33, 17, 74, 0, 0, 6.40%, 0, 0, 3, 41.56, 49114, 113, 0, 0
1191, 33, 21, 74, 0, 0, 6.40%, 0, 0, 3, 42.91, 49329, 113, 0, 0
1196, 33, 52, 74, 0, 0, 6.40%, 0, 0, 3, 40.15, 49533, 113, 0, 0
1201, 33, 66, 74, 0, 0, 6.40%, 0, 0, 3, 40.27, 49739, 113, 0, 0
1206, 34, 0, 74, 0, 0, 6.40%, 0, 0, 3, 39.79, 49941, 113, 0, 0
1211, 34, 14, 74, 0, 0, 6.40%, 0, 0, 3, 40.81, 50152, 113, 0, 0
1216, 34, 18, 74, 0, 0, 6.40%, 0, 0, 3, 36.86, 50340, 113, 0, 0
1221, 34, 23, 74, 0, 0, 6.40%, 0, 0, 3, 40.62, 50553, 113, 0, 0
1226, 34, 52, 74, 0, 0, 6.40%, 0, 0, 3, 39.13, 50750, 113, 0, 0
1232, 34, 65, 74, 0, 0, 6.40%, 0, 0, 3, 41.33, 50961, 113, 0, 0
1237, 34, 70, 74, 0, 0, 6.40%, 0, 0, 3, 37.45, 51133, 113, 0, 0
1242, 35, 13, 74, 0, 0, 6.40%, 0, 0, 3, 39.73, 51342, 113, 0, 0
1247, 35, 17, 74, 0, 0, 6.40%, 0, 0, 3, 44.67, 51575, 113, 0, 0
1252, 35, 21, 74, 0, 0, 6.40%, 0, 0, 3, 44.05, 51794, 113, 0, 0
1257, 35, 52, 74, 0, 0, 6.40%, 0, 0, 3, 41.88, 52010, 113, 0, 0
1262, 35, 66, 74, 0, 0, 6.40%, 0, 0, 3, 41.77, 52221, 113, 0, 0
1267, 36, 5, 74, 0, 0, 6.40%, 0, 0, 3, 42.72, 52440, 113, 0, 0
1272, 36, 15, 74, 0, 0, 6.40%, 0, 0, 3, 43.43, 52661, 113, 0, 0
1277, 36, 20, 74, 0, 0, 6.40%, 0, 0, 3, 46.41, 52897, 113, 0, 0
1283, 36, 24, 74, 0, 0, 6.40%, 0, 0, 3, 44.47, 53121, 113, 0, 0
1288, 36, 62, 74, 0, 0, 6.40%, 0, 0, 3, 41.90, 53339, 113, 0, 0
1293, 36, 66, 74, 0, 0, 6.40%, 0, 0, 3, 44.24, 53561, 113, 0, 0
1298, 37, 13, 74, 0, 0, 6.40%, 0, 0, 3, 42.93, 53777, 113, 0, 0
1303, 37, 17, 74, 0, 0, 6.40%, 0, 0, 3, 44.05, 54000, 113, 0, 0
1308, 37, 20, 74, 0, 0, 6.40%, 0, 0, 3, 45.35, 54212, 113, 0, 0
1314, 37, 24, 74, 0, 0, 6.40%, 0, 0, 3, 40.67, 54426, 113, 0, 0
1319, 37, 45, 74, 0, 0, 6.40%, 0, 0, 3, 40.27, 54626, 113, 0, 0
1324, 37, 65, 74, 0, 0, 6.40%, 0, 0, 3, 40.60, 54831, 113, 0, 0
1329, 37, 71, 74, 0, 0, 6.40%, 0, 0, 3, 41.51, 55047, 113, 0, 0
1334, 38, 14, 74, 0, 0, 6.40%, 0, 0, 3, 42.08, 55256, 113, 0, 0
1339, 38, 18, 74, 0, 0, 6.40%, 0, 0, 3, 44.06, 55483, 113, 0, 0
1344, 38, 23, 74, 0, 0, 6.40%, 0, 0, 3, 43.63, 55703, 113, 0, 0
1350, 38, 52, 74, 0, 0, 6.40%, 0, 0, 3, 32.73, 55874, 113, 0, 0
1355, 38, 65, 74, 0, 0, 6.40%, 0, 0, 3, 15.49, 56010, 113, 0, 0
1360, 38, 70, 74, 0, 0, 6.40%, 0, 0, 3, 36.14, 56224, 113, 0, 0
1365, 39, 14, 74, 0, 0, 6.40%, 0, 0, 3, 42.20, 56443, 113, 0, 0
1370, 39, 18, 74, 0, 0, 6.40%, 0, 0, 3, 43.47, 56666, 113, 0, 0
1375, 39, 23, 74, 0, 0, 6.40%, 0, 0, 3, 43.24, 56877, 113, 0, 0
1380, 39, 60, 74, 0, 0, 6.40%, 0, 0, 3, 40.73, 57085, 113, 0, 0
1385, 39, 68, 74, 0, 0, 6.40%, 0, 0, 3, 42.00, 57306, 113, 0, 0
1390, 40, 13, 74, 0, 0, 6.40%, 0, 0, 3, 41.24, 57515, 113, 0, 0
1395, 40, 18, 74, 0, 0, 6.40%, 0, 0, 3, 44.67, 57744, 113, 0, 0
1400, 40, 21, 74, 0, 0, 6.40%, 0, 0, 3, 44.41, 57968, 113, 0, 0
1405, 40, 33, 74, 0, 0, 6.40%, 0, 0, 3, 37.67, 58155, 113, 0, 0
1411, 40, 65, 74, 0, 0, 6.40%, 0, 0, 3, 36.64, 58338, 113, 0, 0
1416, 40, 70, 74, 0, 0, 6.40%, 0, 0, 3, 39.79, 58543, 113, 0, 0
1421, 41, 13, 74, 0, 0, 6.40%, 0, 0, 3, 35.64, 58726, 113, 0, 0
1426, 41, 14, 74, 0, 0, 6.40%, 0, 0, 3, 7.72, 58749, 113, 0, 0
27737, 41, 14, 74, 0, 0, 6.40%, 0, 0, 3, 0.00, 58769, 113, 0, 0
27742, 41, 17, 74, 0, 0, 6.40%, 0, 0, 3, 3.58, 58866, 113, 0, 0
27747, 41, 17, 74, 0, 0, 6.40%, 0, 0, 3, 4.55, 58868, 113, 0, 0
27752, 41, 17, 74, 0, 0, 6.40%, 0, 0, 3, 6.92, 58902, 113, 0, 0
27757, 41, 18, 74, 0, 0, 6.40%, 0, 0, 3, 10.58, 58960, 113, 0, 0
27762, 41, 20, 74, 0, 0, 6.40%, 0, 0, 3, 3.08, 59010, 113, 0, 0
27767, 41, 20, 74, 0, 0, 6.40%, 0, 0, 3, 9.09, 59062, 113, 0, 0
27772, 41, 21, 74, 0, 0, 6.40%, 0, 0, 3, 10.22, 59111, 113, 0, 0
27777, 41, 24, 74, 0, 0, 6.40%, 0, 0, 3, 21.67, 59230, 113, 0, 0
27782, 41, 52, 74, 0, 0, 6.40%, 0, 0, 3, 22.64, 59348, 113, 0, 0
27787, 41, 63, 74, 0, 0, 6.40%, 0, 0, 3, 22.06, 59456, 113, 0, 0
27793, 41, 66, 74, 0, 0, 6.40%, 0, 0, 3, 27.55, 59598, 113, 0, 0
27798, 42, 0, 74, 0, 0, 6.40%, 0, 0, 3, 33.23, 59768, 113, 0, 0
27803, 42, 13, 74, 0, 0, 6.40%, 0, 0, 3, 37.41, 59950, 113, 0, 0
27808, 42, 17, 74, 0, 0, 6.40%, 0, 0, 3, 38.17, 60133, 113, 0, 0
27813, 42, 21, 74, 0, 0, 6.40%, 0, 0, 3, 39.12, 60316, 113, 0, 0
27818, 42, 25, 74, 0, 0, 6.40%, 0, 0, 3, 37.61, 60515, 113, 0, 0
27823, 42, 52, 74, 0, 0, 6.40%, 0, 0, 3, 36.81, 60700, 113, 0, 0
27828, 42, 66, 74, 0, 0, 6.40%, 0, 0, 3, 38.62, 60896, 113, 0, 0
27834, 43, 5, 74, 0, 0, 6.40%, 0, 0, 3, 37.71, 61091, 113, 0, 0
27839, 43, 14, 74, 0, 0, 6.40%, 0, 0, 3, 38.06, 61284, 113, 0, 0
27844, 43, 18, 74, 0, 0, 6.40%, 0, 0, 3, 32.62, 61459, 113, 0, 0
27849, 43, 20, 74, 0, 0, 6.40%, 0, 0, 3, 11.24, 61527, 113, 0, 0
27854, 43, 21, 74, 0, 0, 6.40%, 0, 0, 3, 12.20, 61590, 113, 0, 0
27859, 43, 23, 74, 0, 0, 6.40%, 0, 0, 3, 12.38, 61654, 113, 0, 0
27864, 43, 31, 74, 0, 0, 6.40%, 0, 0, 3, 19.41, 61760, 113, 0, 0
27869, 43, 52, 74, 0, 0, 6.40%, 0, 0, 3, 17.90, 61847, 113, 0, 0
27874, 43, 66, 74, 0, 0, 6.40%, 0, 0, 3, 32.85, 62006, 113, 0, 0
27879, 43, 70, 74, 0, 0, 6.40%, 0, 0, 3, 40.64, 62222, 113, 0, 0
27885, 44, 14, 74, 0, 0, 6.40%, 0, 0, 3, 41.58, 62430, 113, 0, 0
27890, 44, 17, 74, 0, 0, 6.40%, 0, 0, 3, 36.33, 62596, 113, 0, 0
27895, 44, 21, 74, 0, 0, 6.40%, 0, 0, 3, 41.82, 62815, 113, 0, 0
27900, 44, 52, 74, 0, 0, 6.40%, 0, 0, 3, 39.98, 63034, 113, 0, 0
27905, 44, 66, 74, 0, 0, 6.40%, 0, 0, 3, 42.45, 63249, 113, 0, 0
27910, 45, 5, 74, 0, 0, 6.40%, 0, 0, 3, 41.12, 63459, 113, 0, 0
27915, 45, 13, 74, 0, 0, 6.40%, 0, 0, 3, 41.34, 63664, 113, 0, 0
27920, 45, 18, 74, 0, 0, 6.40%, 0, 0, 3, 42.90, 63885, 113, 0, 0
27925, 45, 23, 74, 0, 0, 6.40%, 0, 0, 3, 43.14, 64105, 113, 0, 0
27930, 45, 52, 74, 0, 0, 6.40%, 0, 0, 3, 40.49, 64312, 113, 0, 0
27935, 45, 68, 74, 0, 0, 6.40%, 0, 0, 3, 42.04, 64528, 113, 0, 0
27940, 46, 12, 74, 0, 0, 6.40%, 0, 0, 3, 40.82, 64736, 113, 0, 0
27945, 46, 16, 74, 0, 0, 6.40%, 0, 0, 3, 41.82, 64942, 113, 0, 0
27950, 46, 21, 74, 0, 0, 6.40%, 0, 0, 3, 44.23, 65166, 113, 0, 0
27956, 46, 31, 74, 0, 0, 6.40%, 0, 0, 3, 42.99, 65382, 113, 0, 0
27961, 46, 66, 74, 0, 0, 6.40%, 0, 0, 3, 42.39, 65601, 113, 0, 0
27966, 47, 5, 74, 0, 0, 6.40%, 0, 0, 3, 40.96, 65805, 113, 0, 0
27971, 47, 16, 74, 0, 0, 6.40%, 0, 0, 3, 43.42, 66026, 113, 0, 0
27976, 47, 21, 74, 0, 0, 6.40%, 0, 0, 3, 44.39, 66255, 113, 0, 0
27981, 47, 26, 74, 0, 0, 6.40%, 0, 0, 3, 42.05, 66468, 113, 0, 0
27986, 47, 65, 74, 0, 0, 6.40%, 0, 0, 3, 42.76, 66680, 113, 0, 0
27991, 48, 0, 74, 0, 0, 6.40%, 0, 0, 3, 42.75, 66900, 113, 0, 0
27996, 48, 14, 74, 0, 0, 6.40%, 0, 0, 3, 40.86, 67103, 113, 0, 0
28001, 48, 18, 74, 0, 0, 6.40%, 0, 0, 3, 44.93, 67335, 113, 0, 0
28006, 48, 23, 74, 0, 0, 6.40%, 0, 0, 3, 43.67, 67559, 113, 0, 0
28012, 48, 52, 74, 0, 0, 6.40%, 0, 0, 3, 40.97, 67762, 113, 0, 0
28017, 48, 66, 74, 0, 0, 6.40%, 0, 0, 3, 42.78, 67981, 113, 0, 0
28022, 49, 9, 74, 0, 0, 6.40%, 0, 0, 3, 42.04, 68194, 113, 0, 0
28027, 49, 16, 74, 0, 0, 6.40%, 0, 0, 3, 44.07, 68417, 113, 0, 0
28032, 49, 20, 74, 0, 0, 6.40%, 0, 0, 3, 45.61, 68649, 113, 0, 0
28037, 49, 24, 74, 0, 0, 6.40%, 0, 0, 3, 39.52, 68851, 113, 0, 0
28042, 49, 65, 74, 0, 0, 6.40%, 0, 0, 3, 36.95, 69034, 113, 0, 0
28047, 49, 68, 74, 0, 0, 6.40%, 0, 0, 3, 39.74, 69242, 113, 0, 0
28052, 50, 12, 74, 0, 0, 6.40%, 0, 0, 3, 35.84, 69418, 113, 0, 0
28057, 50, 16, 74, 0, 0, 6.40%, 0, 0, 3, 39.93, 69622, 113, 0, 0
28062, 50, 20, 74, 0, 0, 6.40%, 0, 0, 3, 37.78, 69822, 113, 0, 0
28068, 50, 24, 74, 0, 0, 6.40%, 0, 0, 3, 40.44, 70031, 113, 0, 0
28073, 50, 65, 74, 0, 0, 6.40%, 0, 0, 3, 37.41, 70214, 113, 0, 0
28078, 50, 70, 74, 0, 0, 6.40%, 0, 0, 3, 40.52, 70426, 113, 0, 0
28083, 51, 5, 74, 0, 0, 6.40%, 0, 0, 3, 35.95, 70607, 113, 0, 0
28088, 51, 14, 74, 0, 0, 6.40%, 0, 0, 3, 39.08, 70804, 113, 0, 0
28093, 51, 18, 74, 0, 0, 6.40%, 0, 0, 3, 39.72, 71007, 113, 0, 0
28098, 51, 23, 74, 0, 0, 6.40%, 0, 0, 3, 40.46, 71217, 113, 0, 0
28103, 51, 41, 74, 0, 0, 6.40%, 0, 0, 3, 40.28, 71418, 113, 0, 0
28108, 51, 65, 74, 0, 0, 6.40%, 0, 0, 3, 40.92, 71628, 113, 0, 0
28113, 51, 70, 74, 0, 0, 6.40%, 0, 0, 3, 42.07, 71844, 113, 0, 0
28118, 52, 14, 74, 0, 0, 6.40%, 0, 0, 3, 41.63, 72049, 113, 0, 0
28124, 52, 18, 74, 0, 0, 6.40%, 0, 0, 3, 43.24, 72273, 113, 0, 0
28129, 52, 23, 74, 0, 0, 6.40%, 0, 0, 3, 44.01, 72500, 113, 0, 0
28134, 52, 65, 74, 0, 0, 6.40%, 0, 0, 3, 41.13, 72704, 113, 0, 0
28139, 52, 70, 74, 0, 0, 6.40%, 0, 0, 3, 42.54, 72923, 113, 0, 0
28144, 53, 14, 74, 0, 0, 6.40%, 0, 0, 3, 40.63, 73127, 113, 0, 0
28149, 53, 18, 74, 0, 0, 6.40%, 0, 0, 3, 44.31, 73356, 113, 0, 0
28154, 53, 23, 74, 0, 0, 6.40%, 0, 0, 3, 44.10, 73577, 113, 0, 0
28159, 53, 41, 74, 0, 0, 6.40%, 0, 0, 3, 41.37, 73786, 113, 0, 0
28164, 53, 65, 74, 0, 0, 6.40%, 0, 0, 3, 42.04, 74003, 113, 0, 0
28169, 53, 70, 74, 0, 0, 6.40%, 0, 0, 3, 42.09, 74222, 113, 0, 0
28175, 54, 14, 74, 0, 0, 6.40%, 0, 0, 3, 41.54, 74431, 113, 0, 0
28180, 54, 17, 74, 0, 0, 6.40%, 0, 0, 3, 44.84, 74656, 113, 0, 0
28185, 54, 21, 74, 0, 0, 6.40%, 0, 0, 3, 42.27, 74872, 113, 0, 0
28190, 54, 44, 74, 0, 0, 6.40%, 0, 0, 3, 41.38, 75087, 113, 0, 0
28195, 54, 65, 74, 0, 0, 6.40%, 0, 0, 3, 43.46, 75307, 113, 0, 0
28200, 55, 0, 74, 0, 0, 6.40%, 0, 0, 3, 42.37, 75528, 113, 0, 0
28205, 55, 14, 74, 0, 0, 6.40%, 0, 0, 3, 43.14, 75745, 113, 0, 0
28210, 55, 20, 74, 0, 0, 6.40%, 0, 0, 3, 44.19, 75971, 113, 0, 0
28215, 55, 24, 74, 0, 0, 6.40%, 0, 0, 3, 43.58, 76191, 113, 0, 0
28220, 55, 37, 74, 0, 0, 6.40%, 0, 0, 3, 37.42, 76380, 113, 0, 0
28226, 55, 65, 74, 0, 0, 6.40%, 0, 0, 3, 38.55, 76576, 113, 0, 0
28231, 55, 70, 74, 0, 0, 6.40%, 0, 0, 3, 42.58, 76807, 113, 0, 0
28236, 56, 14, 74, 0, 0, 6.40%, 0, 0, 3, 43.29, 77025, 113, 0, 0
28241, 56, 18, 74, 0, 0, 6.40%, 0, 0, 3, 44.67, 77251, 113, 0, 0
28246, 56, 23, 74, 0, 0, 6.40%, 0, 0, 3, 43.58, 77474, 113, 0, 0
28251, 56, 42, 74, 0, 0, 6.40%, 0, 0, 3, 39.59, 77671, 113, 0, 0
28256, 56, 65, 74, 0, 0, 6.40%, 0, 0, 3, 38.49, 77868, 113, 0, 0
28261, 57, 0, 74, 0, 0, 6.40%, 0, 0, 3, 41.59, 78085, 113, 0, 0
28266, 57, 14, 74, 0, 0, 6.40%, 0, 0, 3, 42.85, 78302, 113, 0, 0
28272, 57, 20, 74, 0, 0, 6.40%, 0, 0, 3, 44.31, 78531, 113, 0, 0
28277, 57, 24, 74, 0, 0, 6.40%, 0, 0, 3, 43.99, 78754, 113, 0, 0
28282, 57, 52, 74, 0, 0, 6.40%, 0, 0, 3, 41.07, 78962, 113, 0, 0
28287, 57, 66, 74, 0, 0, 6.40%, 0, 0, 3, 40.90, 79166, 113, 0, 0
28292, 58, 5, 74, 0, 0, 6.40%, 0, 0, 3, 39.28, 79367, 113, 0, 0
28297, 58, 16, 74, 0, 0, 6.40%, 0, 0, 3, 39.80, 79567, 113, 0, 0
28302, 58, 20, 74, 0, 0, 6.40%, 0, 0, 3, 40.59, 79776, 113, 0, 0
28307, 58, 24, 74, 0, 0, 6.40%, 0, 0, 3, 41.15, 79987, 113, 0, 0
28312, 58, 50, 74, 0, 0, 6.40%, 0, 0, 3, 39.43, 80184, 113, 0, 0
28317, 58, 65, 74, 0, 0, 6.40%, 0, 0, 3, 36.98, 80372, 113, 0, 0
28323, 58, 70, 74, 0, 0, 6.40%, 0, 0, 3, 38.25, 80571, 113, 0, 0
28328, 59, 13, 74, 0, 0, 6.40%, 0, 0, 3, 39.26, 80770, 113, 0, 0
28333, 59, 18, 74, 0, 0, 6.40%, 0, 0, 3, 41.29, 80974, 113, 0, 0
28338, 59, 21, 74, 0, 0, 6.40%, 0, 0, 3, 40.44, 81180, 113, 0, 0
28343, 59, 28, 74, 0, 0, 6.40%, 0, 0, 3, 37.22, 81359, 113, 0, 0
28348, 59, 52, 74, 0, 0, 6.40%, 0, 0, 3, 4.77, 81455, 113, 0, 0
28353, 59, 52, 74, 0, 0, 6.40%, 0, 0, 3, 4.44, 81473, 113, 0, 0
28358, 59, 52, 74, 0, 0, 6.40%, 0, 0, 3, 5.79, 81505, 113, 0, 0
28364, 59, 57, 74, 0, 0, 6.40%, 0, 0, 3, 4.98, 81530, 113, 0, 0
28369, 59, 65, 74, 0, 0, 6.40%, 0, 0, 3, 38.95, 81635, 113, 0, 0
28374, 59, 68, 74, 0, 0, 6.40%, 0, 0, 3, 1.18, 81728, 113, 0, 0
38846, 59, 68, 74, 0, 0, 6.40%, 0, 0, 3, 0.00, 81736, 113, 0, 0
38847, 59, 68, 74, 0, 0, 6.40%, 0, 0, 3, 0.00, 81737, 113, 0, 0
38852, 60, 1, 74, 0, 0, 6.40%, 0, 0, 3, 28.38, 81873, 113, 0, 0
38857, 60, 13, 74, 0, 0, 6.40%, 0, 0, 3, 3.16, 81995, 113, 0, 0
38862, 60, 14, 74, 0, 0, 6.40%, 0, 0, 3, 3.18, 82028, 113, 0, 0
38867, 60, 17, 74, 0, 0, 6.40%, 0, 0, 3, 34.44, 82183, 113, 0, 0
38869, 60, 19, 74, 0, 0, 6.40%, 0, 0, 3, 39.50, 82251, 113, 0, 0
38929, 114, 67, 74, 0, 0, 6.40%, 0, 0, 3, 40.90, 84718, 113, 0, 0
38934, 118, 74, 74, 0, 0, 6.40%, 0, 0, 3, 42.62, 84931, 113, 0, 0
38940, 122, 1, 74, 0, 0, 6.40%, 0, 0, 3, 34.17, 85106, 113, 0, 0
38945, 125, 15, 74, 0, 0, 6.40%, 0, 0, 3, 31.99, 85243, 113, 0, 0
38950, 128, 20, 74, 0, 0, 6.40%, 0, 0, 3, 25.74, 85364, 113, 0, 0
38955, 130, 8, 74, 0, 0, 6.40%, 0, 0, 3, 23.47, 85480, 113, 0, 0
38960, 135, 53, 74, 0, 0, 6.40%, 0, 0, 3, 29.86, 85645, 113, 0, 0
38965, 138, 61, 74, 0, 0, 6.40%, 0, 0, 3, 34.95, 85831, 113, 0, 0
38970, 142, 24, 74, 0, 0, 6.40%, 0, 0, 3, 34.84, 85954, 113, 0, 0
38975, 145, 3, 74, 0, 0, 6.40%, 0, 0, 3, 25.28, 86067, 113, 0, 0
38980, 146, 38, 74, 0, 0, 6.40%, 0, 0, 3, 20.03, 86154, 113, 0, 0
38986, 150, 4, 74, 0, 0, 6.40%, 0, 0, 3, 24.19, 86289, 113, 0, 0
38991, 151, 74, 74, 0, 0, 6.40%, 0, 0, 3, 12.57, 86363, 113, 0, 0
38996, 155, 4, 74, 0, 0, 6.40%, 0, 0, 3, 13.36, 86429, 113, 0, 0
39001, 158, 20, 74, 0, 0, 6.40%, 0, 0, 3, 22.73, 86567, 113, 0, 0
39006, 161, 74, 74, 0, 0, 6.40%, 0, 0, 3, 29.11, 86719, 113, 0, 0
39011, 166, 13, 74, 0, 0, 6.40%, 0, 0, 3, 30.18, 86874, 113, 0, 0
39017, 170, 9, 74, 0, 0, 6.40%, 0, 0, 3, 31.56, 87037, 113, 0, 0
39022, 173, 32, 74, 0, 0, 6.40%, 0, 0, 3, 29.03, 87183, 113, 0, 0
39027, 176, 36, 74, 0, 0, 6.40%, 0, 0, 3, 28.39, 87322, 113, 0, 0
39032, 179, 40, 74, 0, 0, 6.40%, 0, 0, 3, 31.08, 87479, 113, 0, 0
39037, 182, 69, 74, 0, 0, 6.40%, 0, 0, 3, 31.25, 87635, 113, 0, 0
39042, 185, 54, 74, 0, 0, 6.40%, 0, 0, 3, 30.69, 87795, 113, 0, 0
39047, 188, 74, 74, 0, 0, 6.40%, 0, 0, 3, 28.99, 87943, 113, 0, 0
39052, 190, 34, 74, 0, 0, 6.40%, 0, 0, 3, 23.27, 88049, 113, 0, 0
39057, 193, 72, 74, 0, 0, 6.40%, 0, 0, 3, 23.94, 88172, 113, 0, 0
39062, 196, 42, 74, 0, 0, 6.40%, 0, 0, 3, 23.85, 88296, 113, 0, 0
39067, 199, 31, 74, 0, 0, 6.40%, 0, 0, 3, 28.56, 88442, 113, 0, 0
39073, 202, 70, 74, 0, 0, 6.40%, 0, 0, 3, 27.87, 88576, 113, 0, 0
39078, 206, 66, 74, 0, 0, 6.40%, 0, 0, 3, 28.17, 88720, 113, 0, 0
39083, 210, 52, 74, 0, 0, 6.40%, 0, 0, 3, 30.57, 88875, 113, 0, 0
39088, 215, 18, 74, 0, 0, 6.40%, 0, 0, 3, 24.50, 88993, 113, 0, 0
39093, 220, 46, 74, 0, 0, 6.40%, 0, 0, 3, 26.68, 89127, 113, 0, 0
39098, 223, 53, 74, 0, 0, 6.40%, 0, 0, 3, 26.92, 89258, 113, 0, 0
39103, 227, 22, 74, 0, 0, 6.40%, 0, 0, 3, 28.25, 89404, 113, 0, 0
39108, 230, 53, 74, 0, 0, 6.40%, 0, 0, 3, 27.95, 89549, 113, 0, 0
39113, 235, 47, 74, 0, 0, 6.40%, 0, 0, 3, 28.23, 89693, 113, 0, 0
39118, 238, 14, 74, 0, 0, 6.40%, 0, 0, 3, 28.04, 89833, 113, 0, 0
39124, 241, 19, 74, 0, 0, 6.40%, 0, 0, 3, 5.31, 89948, 113, 0, 0
39129, 244, 27, 74, 0, 0, 6.40%, 0, 0, 3, 22.32, 90070, 113, 0, 0
39134, 246, 24, 74, 0, 0, 6.40%, 0, 0, 3, 26.94, 90222, 113, 0, 0
39139, 248, 31, 74, 0, 0, 6.40%, 0, 0, 3, 28.26, 90368, 113, 0, 0
39144, 250, 53, 74, 0, 0, 6.40%, 0, 0, 3, 27.67, 90512, 113, 0, 0
39149, 253, 64, 74, 0, 0, 6.40%, 0, 0, 3, 28.90, 90651, 113, 0, 0
39154, 258, 4, 74, 0, 0, 6.40%, 0, 0, 3, 12.11, 90786, 113, 0, 0
39159, 260, 73, 74, 0, 0, 6.40%, 0, 0, 3, 26.20, 90898, 113, 0, 0
39164, 264, 29, 74, 0, 0, 6.40%, 0, 0, 3, 27.30, 91034, 113, 0, 0
39169, 267, 8, 74, 0, 0, 6.40%, 0, 0, 3, 19.90, 91153, 113, 0, 0
39175, 270, 19, 74, 0, 0, 6.40%, 0, 0, 3, 23.76, 91271, 113, 0, 0
39180, 274, 11, 74, 0, 0, 6.40%, 0, 0, 3, 23.48, 91396, 113, 0, 0
39185, 278, 4, 74, 0, 0, 6.40%, 0, 0, 3, 26.79, 91532, 113, 0, 0
39190, 281, 17, 74, 0, 0, 6.40%, 0, 0, 3, 28.12, 91678, 113, 0, 0
39195, 286, 29, 74, 0, 0, 6.40%, 0, 0, 3, 30.28, 91839, 113, 0, 0
39200, 289, 51, 74, 0, 0, 6.40%, 0, 0, 3, 28.84, 91987, 113, 0, 0
39205, 292, 18, 74, 0, 0, 6.40%, 0, 0, 3, 25.63, 92102, 113, 0, 0
39211, 297, 3, 74, 0, 0, 6.40%, 0, 0, 3, 27.26, 92245, 113, 0, 0
39216, 298, 5, 74, 0, 0, 6.40%, 0, 0, 3, 25.05, 92366, 113, 0, 0
39221, 302, 51, 74, 0, 0, 6.40%, 0, 0, 3, 28.27, 92515, 113, 0, 0
39226, 306, 13, 74, 0, 0, 6.40%, 0, 0, 3, 4.95, 92644, 113, 0, 0
39231, 307, 21, 74, 0, 0, 6.40%, 0, 0, 3, 19.76, 92762, 113, 0, 0
39236, 312, 8, 74, 0, 0, 6.40%, 0, 0, 3, 25.34, 92901, 113, 0, 0
39241, 315, 27, 74, 0, 0, 6.40%, 0, 0, 3, 25.98, 93032, 113, 0, 0
39246, 318, 25, 74, 0, 0, 6.40%, 0, 0, 3, 30.16, 93161, 113, 0, 0
39251, 321, 51, 74, 0, 0, 6.40%, 0, 0, 3, 10.65, 93276, 113, 0, 0
39256, 326, 13, 74, 0, 0, 6.40%, 0, 0, 3, 24.22, 93417, 113, 0, 0
39261, 329, 71, 74, 0, 0, 6.40%, 0, 0, 3, 27.49, 93545, 113, 0, 0
39267, 333, 68, 74, 0, 0, 6.40%, 0, 0, 3, 30.98, 93706, 113, 0, 0
39272, 337, 34, 74, 0, 0, 6.40%, 0, 0, 3, 32.02, 93868, 113, 0, 0
39277, 340, 13, 74, 0, 0, 6.40%, 0, 0, 3, 30.48, 94029, 113, 0, 0
39282, 344, 24, 74, 0, 0, 6.40%, 0, 0, 3, 30.60, 94187, 113, 0, 0
39287, 348, 9, 74, 0, 0, 6.40%, 0, 0, 3, 30.22, 94341, 113, 0, 0
39292, 350, 68, 74, 0, 0, 6.40%, 0, 0, 3, 27.07, 94465, 113, 0, 0
39297, 355, 27, 74, 0, 0, 6.40%, 0, 0, 3, 27.20, 94591, 113, 0, 0
39302, 357, 17, 74, 0, 0, 6.40%, 0, 0, 3, 27.82, 94725, 113, 0, 0
39308, 362, 15, 74, 0, 0, 6.40%, 0, 0, 3, 28.10, 94873, 113, 0, 0
39313, 364, 67, 74, 0, 0, 6.40%, 0, 0, 3, 29.27, 95026, 113, 0, 0
39318, 368, 9, 74, 0, 0, 6.40%, 0, 0, 3, 31.56, 95188, 113, 0, 0
39323, 371, 9, 74, 0, 0, 6.40%, 0, 0, 3, 28.91, 95339, 113, 0, 0
39328, 374, 74, 74, 0, 0, 6.40%, 0, 0, 3, 27.12, 95475, 113, 0, 0
39333, 378, 38, 74, 0, 0, 6.40%, 0, 0, 3, 29.60, 95634, 113, 0, 0
39338, 380, 73, 74, 0, 0, 6.40%, 0, 0, 3, 33.37, 95736, 113, 0, 0
39344, 385, 22, 74, 0, 0, 6.40%, 0, 0, 3, 29.83, 95884, 113, 0, 0
39349, 389, 54, 74, 0, 0, 6.40%, 0, 0, 3, 31.78, 96049, 113, 0, 0
39354, 394, 45, 74, 0, 0, 6.40%, 0, 0, 3, 30.02, 96193, 113, 0, 0
39359, 396, 65, 74, 0, 0, 6.40%, 0, 0, 3, 30.20, 96348, 113, 0, 0
39364, 400, 51, 74, 0, 0, 6.40%, 0, 0, 3, 30.07, 96506, 113, 0, 0
39369, 403, 35, 74, 0, 0, 6.40%, 0, 0, 3, 29.27, 96652, 113, 0, 0
39374, 407, 12, 74, 0, 0, 6.40%, 0, 0, 3, 27.65, 96795, 113, 0, 0
39379, 409, 59, 74, 0, 0, 6.40%, 0, 0, 3, 29.64, 96946, 113, 0, 0
39384, 411, 71, 74, 0, 0, 6.40%, 0, 0, 3, 28.90, 97063, 113, 0, 0
39389, 415, 24, 74, 0, 0, 6.40%, 0, 0, 3, 25.83, 97188, 113, 0, 0
39394, 418, 36, 74, 0, 0, 6.40%, 0, 0, 3, 27.64, 97327, 113, 0, 0
39400, 423, 30, 74, 0, 0, 6.40%, 0, 0, 3, 27.06, 97464, 113, 0, 0
39405, 425, 44, 74, 0, 0, 6.40%, 0, 0, 3, 3.18, 97562, 113, 0, 0
39410, 428, 10, 74, 0, 0, 6.40%, 0, 0, 3, 28.79, 97638, 113, 0, 0
39415, 430, 27, 74, 0, 0, 6.40%, 0, 0, 3, 24.14, 97762, 113, 0, 0
39420, 433, 36, 74, 0, 0, 6.40%, 0, 0, 3, 25.26, 97888, 113, 0, 0
39425, 437, 36, 74, 0, 0, 6.40%, 0, 0, 3, 26.92, 98030, 113, 0, 0
39430, 441, 15, 74, 0, 0, 6.40%, 0, 0, 3, 30.17, 98188, 113, 0, 0
39435, 443, 26, 74, 0, 0, 6.40%, 0, 0, 3, 4.24, 98308, 113, 0, 0
39440, 445, 64, 74, 0, 0, 6.40%, 0, 0, 3, 32.23, 98442, 113, 0, 0
39446, 449, 0, 74, 0, 0, 6.40%, 0, 0, 3, 28.51, 98589, 113, 0, 0
39451, 451, 66, 74, 0, 0, 6.40%, 0, 0, 3, 28.36, 98725, 113, 0, 0
39456, 454, 61, 74, 0, 0, 6.40%, 0, 0, 3, 27.96, 98861, 113, 0, 0
39461, 457, 25, 74, 0, 0, 6.40%, 0, 0, 3, 29.70, 99018, 113, 0, 0
39466, 459, 74, 74, 0, 0, 6.40%, 0, 0, 3, 23.20, 99123, 113, 0, 0
39471, 463, 30, 74, 0, 0, 6.40%, 0, 0, 3, 27.20, 99262, 113, 0, 0
39476, 467, 60, 74, 0, 0, 6.40%, 0, 0, 3, 28.93, 99415, 113, 0, 0
39481, 470, 50, 74, 0, 0, 6.40%, 0, 0, 3, 30.77, 99568, 113, 0, 0
39486, 474, 26, 74, 0, 0, 6.40%, 0, 0, 3, 31.78, 99731, 113, 0, 0
39491, 478, 15, 74, 0, 0, 6.40%, 0, 0, 3, 31.65, 99899, 113, 0, 0
39497, 482, 8, 74, 0, 0, 6.40%, 0, 0, 3, 30.96, 100061, 113, 0, 0
39502, 484, 73, 74, 0, 0, 6.40%, 0, 0, 3, 32.24, 100232, 113, 0, 0
39507, 489, 2, 74, 0, 0, 6.40%, 0, 0, 3, 31.04, 100387, 113, 0, 0
39512, 491, 66, 74, 0, 0, 6.40%, 0, 0, 3, 31.60, 100551, 113, 0, 0
39517, 495, 44, 74, 0, 0, 6.40%, 0, 0, 3, 26.87, 100681, 113, 0, 0
39522, 499, 22, 74, 0, 0, 6.40%, 0, 0, 3, 14.12, 100813, 113, 0, 0
39527, 503, 66, 74, 0, 0, 6.40%, 0, 0, 3, 21.01, 100922, 113, 0, 0
39532, 506, 59, 74, 0, 0, 6.40%, 0, 0, 3, 23.19, 101042, 113, 0, 0
39538, 508, 58, 74, 0, 0, 6.40%, 0, 0, 3, 27.15, 101185, 113, 0, 0
39543, 511, 42, 74, 0, 0, 6.40%, 0, 0, 3, 27.84, 101320, 113, 0, 0
39548, 515, 12, 74, 0, 0, 6.40%, 0, 0, 3, 26.99, 101456, 113, 0, 0
39553, 519, 9, 74, 0, 0, 6.40%, 0, 0, 3, 29.55, 101611, 113, 0, 0
39558, 521, 46, 74, 0, 0, 6.40%, 0, 0, 3, 31.80, 101774, 113, 0, 0
39563, 527, 1, 74, 0, 0, 6.40%, 0, 0, 3, 29.67, 101917, 113, 0, 0
39568, 531, 28, 74, 0, 0, 6.40%, 0, 0, 3, 29.04, 102065, 113, 0, 0
39573, 534, 42, 74, 0, 0, 6.40%, 0, 0, 3, 30.65, 102224, 113, 0, 0
39578, 537, 65, 74, 0, 0, 6.40%, 0, 0, 3, 24.96, 102354, 113, 0, 0
39584, 539, 59, 74, 0, 0, 6.40%, 0, 0, 3, 27.81, 102494, 113, 0, 0
39589, 543, 45, 74, 0, 0, 6.40%, 0, 0, 3, 30.24, 102649, 113, 0, 0
39594, 546, 35, 74, 0, 0, 6.40%, 0, 0, 3, 30.19, 102808, 113, 0, 0
39599, 550, 40, 74, 0, 0, 6.40%, 0, 0, 3, 26.57, 102945, 113, 0, 0
39604, 553, 74, 74, 0, 0, 6.40%, 0, 0, 3, 4.78, 103083, 113, 0, 0
39609, 557, 26, 74, 0, 0, 6.40%, 0, 0, 3, 20.67, 103203, 113, 0, 0
39615, 560, 63, 74, 0, 0, 6.40%, 0, 0, 3, 28.26, 103359, 113, 0, 0
39620, 563, 73, 74, 0, 0, 6.40%, 0, 0, 3, 9.86, 103486, 113, 0, 0
39625, 566, 73, 74, 0, 0, 6.40%, 0, 0, 3, 27.19, 103647, 113, 0, 0
39630, 569, 64, 74, 0, 0, 6.40%, 0, 0, 3, 29.41, 103798, 113, 0, 0
39635, 572, 53, 74, 0, 0, 6.40%, 0, 0, 3, 28.05, 103946, 113, 0, 0
39640, 576, 11, 74, 0, 0, 6.40%, 0, 0, 3, 29.26, 104099, 113, 0, 0
39645, 579, 3, 74, 0, 0, 6.40%, 0, 0, 3, 26.24, 104241, 113, 0, 0
39651, 583, 21, 74, 0, 0, 6.40%, 0, 0, 3, 25.59, 104372, 113, 0, 0
39656, 588, 9, 74, 0, 0, 6.40%, 0, 0, 3, 26.39, 104515, 113, 0, 0
39661, 590, 71, 74, 0, 0, 6.40%, 0, 0, 3, 30.72, 104671, 113, 0, 0
39666, 592, 73, 74, 0, 0, 6.40%, 0, 0, 3, 19.47, 104777, 113, 0, 0
39671, 597, 43, 74, 0, 0, 6.40%, 0, 0, 3, 28.58, 104934, 113, 0, 0
39676, 599, 53, 74, 0, 0, 6.40%, 0, 0, 3, 24.92, 105065, 113, 0, 0
39681, 604, 14, 74, 0, 0, 6.40%, 0, 0, 3, 30.50, 105230, 113, 0, 0
39687, 608, 69, 74, 0, 0, 6.40%, 0, 0, 3, 30.12, 105392, 113, 0, 0
39692, 611, 64, 74, 0, 0, 6.40%, 0, 0, 3, 30.87, 105550, 113, 0, 0
39697, 615, 9, 74, 0, 0, 6.40%, 0, 0, 3, 29.07, 105702, 113, 0, 0
39702, 617, 53, 74, 0, 0, 6.40%, 0, 0, 3, 30.24, 105851, 113, 0, 0
39707, 622, 71, 74, 0, 0, 6.40%, 0, 0, 3, 29.11, 106004, 113, 0, 0
39712, 626, 74, 74, 0, 0, 6.40%, 0, 0, 3, 27.51, 106143, 113, 0, 0
39717, 629, 58, 74, 0, 0, 6.40%, 0, 0, 3, 28.23, 106284, 113, 0, 0
39722, 633, 11, 74, 0, 0, 6.40%, 0, 0, 3, 28.43, 106429, 113, 0, 0
39728, 635, 66, 74, 0, 0, 6.40%, 0, 0, 3, 30.96, 106591, 113, 0, 0
39733, 639, 1, 74, 0, 0, 6.40%, 0, 0, 3, 29.94, 106747, 113, 0, 0
39738, 640, 66, 74, 0, 0, 6.40%, 0, 0, 3, 24.75, 106835, 113, 0, 0
39743, 644, 41, 74, 0, 0, 6.40%, 0, 0, 3, 31.09, 106961, 113, 0, 0
39748, 647, 48, 74, 0, 0, 6.40%, 0, 0, 3, 29.38, 107106, 113, 0, 0
39753, 649, 60, 74, 0, 0, 6.40%, 0, 0, 3, 28.78, 107244, 113, 0, 0
39758, 653, 14, 74, 0, 0, 6.40%, 0, 0, 3, 31.64, 107405, 113, 0, 0
39763, 656, 52, 74, 0, 0, 6.40%, 0, 0, 3, 6.95, 107541, 113, 0, 0
39769, 659, 30, 74, 0, 0, 6.40%, 0, 0, 3, 21.65, 107664, 113, 0, 0
39774, 661, 59, 74, 0, 0, 6.40%, 0, 0, 3, 26.95, 107812, 113, 0, 0
39779, 664, 36, 74, 0, 0, 6.40%, 0, 0, 3, 25.91, 107952, 113, 0, 0
39784, 666, 54, 74, 0, 0, 6.40%, 0, 0, 3, 27.78, 108103, 113, 0, 0
39789, 669, 5, 74, 0, 0, 6.40%, 0, 0, 3, 8.65, 108182, 113, 0, 0
39794, 672, 10, 74, 0, 0, 6.40%, 0, 0, 3, 23.02, 108319, 113, 0, 0
39799, 675, 39, 74, 0, 0, 6.40%, 0, 0, 3, 29.76, 108477, 113, 0, 0
39805, 678, 25, 74, 0, 0, 6.40%, 0, 0, 3, 28.37, 108612, 113, 0, 0
39810, 683, 16, 74, 0, 0, 6.40%, 0, 0, 3, 29.40, 108761, 113, 0, 0
39815, 686, 44, 74, 0, 0, 6.40%, 0, 0, 3, 24.23, 108876, 113, 0, 0
39820, 690, 24, 74, 0, 0, 6.40%, 0, 0, 3, 26.12, 109010, 113, 0, 0
39825, 694, 17, 74, 0, 0, 6.40%, 0, 0, 3, 23.05, 109125, 113, 0, 0
39830, 697, 11, 74, 0, 0, 6.40%, 0, 0, 3, 23.40, 109235, 113, 0, 0
39835, 699, 65, 74, 0, 0, 6.40%, 0, 0, 3, 29.69, 109399, 113, 0, 0
39840, 702, 43, 74, 0, 0, 6.40%, 0, 0, 3, 20.44, 109510, 113, 0, 0
39846, 704, 50, 74, 0, 0, 6.40%, 0, 0, 3, 11.14, 109608, 113, 0, 0
39851, 705, 69, 74, 0, 0, 6.40%, 0, 0, 3, 2.46, 109674, 113, 0, 0
39856, 708, 18, 74, 0, 0, 6.40%, 0, 0, 3, 17.98, 109770, 113, 0, 0
39861, 712, 18, 74, 0, 0, 6.40%, 0, 0, 3, 23.95, 109886, 113, 0, 0
39866, 716, 53, 74, 0, 0, 6.40%, 0, 0, 3, 30.05, 110046, 113, 0, 0
39871, 718, 61, 74, 0, 0, 6.40%, 0, 0, 3, 26.56, 110163, 113, 0, 0
39876, 721, 43, 74, 0, 0, 6.40%, 0, 0, 3, 27.83, 110304, 113, 0, 0
39881, 724, 7, 74, 0, 0, 6.40%, 0, 0, 3, 28.09, 110455, 113, 0, 0
39886, 727, 34, 74, 0, 0, 6.40%, 0, 0, 3, 22.69, 110565, 113, 0, 0
39892, 730, 0, 74, 0, 0, 6.40%, 0, 0, 3, 28.99, 110661, 113, 0, 0
39897, 731, 51, 74, 0, 0, 6.40%, 0, 0, 3, 27.52, 110797, 113, 0, 0
39902, 733, 74, 74, 0, 0, 6.40%, 0, 0, 3, 0.00, 110895, 113, 0, 0
39907, 739, 65, 74, 0, 0, 6.40%, 0, 0, 3, 24.75, 111003, 113, 0, 0
39912, 742, 42, 74, 0, 0, 6.40%, 0, 0, 3, 23.98, 111123, 113, 0, 0
39917, 744, 31, 74, 0, 0, 6.40%, 0, 0, 3, 22.98, 111247, 113, 0, 0
39923, 746, 17, 74, 0, 0, 6.40%, 0, 0, 3, 23.86, 111365, 113, 0, 0
39928, 749, 0, 74, 0, 0, 6.40%, 0, 0, 3, 24.70, 111498, 113, 0, 0
39933, 751, 51, 74, 0, 0, 6.40%, 0, 0, 3, 15.06, 111557, 113, 0, 0
39938, 754, 36, 74, 0, 0, 6.40%, 0, 0, 3, 19.43, 111652, 113, 0, 0
39943, 756, 58, 74, 0, 0, 6.40%, 0, 0, 3, 24.68, 111778, 113, 0, 0
39948, 759, 19, 74, 0, 0, 6.40%, 0, 0, 3, 24.21, 111900, 113, 0, 0
39953, 761, 42, 74, 0, 0, 6.40%, 0, 0, 3, 6.58, 111985, 113, 0, 0
39958, 765, 5, 74, 0, 0, 6.40%, 0, 0, 3, 19.89, 112102, 113, 0, 0
39963, 767, 40, 74, 0, 0, 6.40%, 0, 0, 3, 32.23, 112160, 113, 0, 0
39969, 770, 9, 74, 0, 0, 6.40%, 0, 0, 3, 26.92, 112296, 113, 0, 0
39974, 775, 14, 74, 0, 0, 6.40%, 0, 0, 3, 27.76, 112436, 113, 0, 0
39979, 780, 28, 74, 0, 0, 6.40%, 0, 0, 3, 27.19, 112575, 113, 0, 0
39984, 783, 54, 74, 0, 0, 6.40%, 0, 0, 3, 27.77, 112718, 113, 0, 0
39989, 787, 74, 74, 0, 0, 6.40%, 0, 0, 3, 27.61, 112863, 113, 0, 0
39994, 790, 42, 74, 0, 0, 6.40%, 0, 0, 3, 26.09, 113004, 113, 0, 0
40000, 791, 34, 74, 0, 0, 6.40%, 0, 0, 3, 1.94, 113052, 113, 0, 0
40005, 794, 19, 74, 0, 0, 6.40%, 0, 0, 3, 2.62, 113164, 113, 0, 0
40010, 797, 38, 74, 0, 0, 6.40%, 0, 0, 3, 33.00, 113264, 113, 0, 0
40015, 801, 57, 74, 0, 0, 6.40%, 0, 0, 3, 29.57, 113405, 113, 0, 0
40020, 805, 8, 74, 0, 0, 6.40%, 0, 0, 3, 24.15, 113522, 113, 0, 0
40025, 808, 0, 74, 0, 0, 6.40%, 0, 0, 3, 19.41, 113630, 113, 0, 0
40030, 810, 42, 74, 0, 0, 6.40%, 0, 0, 3, 30.00, 113747, 113, 0, 0
40035, 814, 6, 74, 0, 0, 6.40%, 0, 0, 3, 29.33, 113896, 113, 0, 0
40040, 816, 53, 74, 0, 0, 6.40%, 0, 0, 3, 31.39, 114058, 113, 0, 0
40045, 818, 13, 74, 0, 0, 6.40%, 0, 0, 3, 2.86, 114131, 113, 0, 0
40051, 819, 44, 74, 0, 0, 6.40%, 0, 0, 3, 23.47, 114224, 113, 0, 0
40056, 823, 44, 74, 0, 0, 6.40%, 0, 0, 3, 23.50, 114341, 113, 0, 0
40061, 827, 9, 74, 0, 0, 6.40%, 0, 0, 3, 27.45, 114469, 113, 0, 0
40066, 829, 50, 74, 0, 0, 6.40%, 0, 0, 3, 30.85, 114566, 113, 0, 0
40071, 831, 29, 74, 0, 0, 6.40%, 0, 0, 3, 27.92, 114717, 113, 0, 0
40076, 832, 74, 74, 0, 0, 6.40%, 0, 0, 3, 27.79, 114855, 113, 0, 0
40081, 834, 59, 74, 0, 0, 6.40%, 0, 0, 3, 2.10, 114940, 113, 0, 0
40086, 836, 6, 74, 0, 0, 6.40%, 0, 0, 3, 12.59, 115008, 113, 0, 0
40091, 840, 50, 74, 0, 0, 6.40%, 0, 0, 3, 26.83, 115142, 113, 0, 0
40096, 844, 23, 74, 0, 0, 6.40%, 0, 0, 3, 29.25, 115282, 113, 0, 0
40101, 848, 1, 74, 0, 0, 6.40%, 0, 0, 3, 31.05, 115442, 113, 0, 0
40107, 850, 51, 74, 0, 0, 6.40%, 0, 0, 3, 28.03, 115580, 113, 0, 0
40112, 854, 58, 74, 0, 0, 6.40%, 0, 0, 3, 30.50, 115714, 113, 0, 0
40117, 857, 22, 74, 0, 0, 6.40%, 0, 0, 3, 31.60, 115858, 113, 0, 0
40122, 860, 24, 74, 0, 0, 6.40%, 0, 0, 3, 30.08, 116014, 113, 0, 0
40127, 864, 32, 74, 0, 0, 6.40%, 0, 0, 3, 30.89, 116172, 113, 0, 0
40132, 869, 38, 74, 0, 0, 6.40%, 0, 0, 3, 30.87, 116328, 113, 0, 0
40137, 870, 68, 74, 0, 0, 6.40%, 0, 0, 3, 26.25, 116451, 113, 0, 0
40143, 873, 65, 74, 0, 0, 6.40%, 0, 0, 3, 28.09, 116593, 113, 0, 0
40148, 877, 20, 74, 0, 0, 6.40%, 0, 0, 3, 27.61, 116732, 113, 0, 0
40153, 879, 69, 74, 0, 0, 6.40%, 0, 0, 3, 29.89, 116882, 113, 0, 0
40158, 881, 44, 74, 0, 0, 6.40%, 0, 0, 3, 21.56, 116953, 113, 0, 0
40163, 886, 17, 74, 0, 0, 6.40%, 0, 0, 3, 14.29, 117078, 113, 0, 0
40168, 890, 11, 74, 0, 0, 6.40%, 0, 0, 3, 27.55, 117240, 113, 0, 0
40173, 892, 74, 74, 0, 0, 6.40%, 0, 0, 3, 31.75, 117411, 113, 0, 0
40178, 895, 74, 74, 0, 0, 6.40%, 0, 0, 3, 32.23, 117579, 113, 0, 0
40184, 898, 70, 74, 0, 0, 6.40%, 0, 0, 3, 29.60, 117721, 113, 0, 0
40189, 902, 0, 74, 0, 0, 6.40%, 0, 0, 3, 32.10, 117846, 113, 0, 0
40194, 905, 39, 74, 0, 0, 6.40%, 0, 0, 3, 32.29, 118014, 113, 0, 0
40199, 907, 72, 74, 0, 0, 6.40%, 0, 0, 3, 29.76, 118159, 113, 0, 0
40204, 911, 41, 74, 0, 0, 6.40%, 0, 0, 3, 28.54, 118301, 113, 0, 0
40209, 913, 25, 74, 0, 0, 6.40%, 0, 0, 3, 35.80, 118396, 113, 0, 0
40214, 915, 39, 74, 0, 0, 6.40%, 0, 0, 3, 26.12, 118507, 113, 0, 0
40219, 918, 11, 74, 0, 0, 6.40%, 0, 0, 3, 34.85, 118631, 113, 0, 0
40224, 921, 18, 74, 0, 0, 6.40%, 0, 0, 3, 32.46, 118794, 113, 0, 0
40230, 924, 37, 74, 0, 0, 6.40%, 0, 0, 3, 29.80, 118936, 113, 0, 0
40235, 929, 56, 74, 0, 0, 6.40%, 0, 0, 3, 30.15, 119091, 113, 0, 0
40240, 931, 26, 74, 0, 0, 6.40%, 0, 0, 3, 29.14, 119237, 113, 0, 0
40245, 933, 3, 74, 0, 0, 6.40%, 0, 0, 3, 28.01, 119367, 113, 0, 0
40250, 935, 46, 74, 0, 0, 6.40%, 0, 0, 3, 28.26, 119512, 113, 0, 0
40255, 937, 46, 74, 0, 0, 6.40%, 0, 0, 3, 29.31, 119659, 113, 0, 0
40260, 940, 69, 74, 0, 0, 6.40%, 0, 0, 3, 30.12, 119815, 113, 0, 0
40265, 941, 73, 74, 0, 0, 6.40%, 0, 0, 3, 7.55, 119887, 113, 0, 0
40270, 944, 28, 74, 0, 0, 6.40%, 0, 0, 3, 21.75, 120000, 113, 0, 0
40275, 947, 61, 74, 0, 0, 6.40%, 0, 0, 3, 30.66, 120118, 113, 0, 0
40280, 951, 24, 74, 0, 0, 6.40%, 0, 0, 3, 29.54, 120269, 113, 0, 0
40286, 957, 43, 74, 0, 0, 6.40%, 0, 0, 3, 27.68, 120415, 113, 0, 0
40291, 959, 54, 74, 0, 0, 6.40%, 0, 0, 3, 30.68, 120573, 113, 0, 0
40296, 961, 52, 74, 0, 0, 6.40%, 0, 0, 3, 27.93, 120677, 113, 0, 0
40301, 965, 18, 74, 0, 0, 6.40%, 0, 0, 3, 27.20, 120778, 113, 0, 0
40306, 969, 69, 74, 0, 0, 6.40%, 0, 0, 3, 31.03, 120934, 113, 0, 0
40311, 973, 18, 74, 0, 0, 6.40%, 0, 0, 3, 28.42, 121091, 113, 0, 0
40316, 975, 41, 74, 0, 0, 6.40%, 0, 0, 3, 23.55, 121199, 113, 0, 0
40321, 978, 27, 74, 0, 0, 6.40%, 0, 0, 3, 29.54, 121358, 113, 0, 0
40326, 980, 32, 74, 0, 0, 6.40%, 0, 0, 3, 22.71, 121468, 113, 0, 0
40331, 982, 4, 74, 0, 0, 6.40%, 0, 0, 3, 23.82, 121574, 113, 0, 0
40337, 984, 45, 74, 0, 0, 6.40%, 0, 0, 3, 8.38, 121665, 113, 0, 0
40342, 986, 24, 74, 0, 0, 6.40%, 0, 0, 3, 11.79, 121728, 113, 0, 0
40347, 988, 74, 74, 0, 0, 6.40%, 0, 0, 3, 22.15, 121851, 113, 0, 0
40352, 992, 45, 74, 0, 0, 6.40%, 0, 0, 3, 21.78, 121962, 113, 0, 0
40357, 996, 63, 74, 0, 0, 6.40%, 0, 0, 3, 29.23, 122120, 113, 0, 0
40362, 999, 56, 74, 0, 0, 6.40%, 0, 0, 3, 29.48, 122272, 113, 0, 0
40367, 1001, 59, 74, 0, 0, 6.40%, 0, 0, 3, 26.29, 122399, 113, 0, 0
40372, 1005, 19, 74, 0, 0, 6.40%, 0, 0, 3, 27.03, 122522, 113, 0, 0
40378, 1008, 66, 74, 0, 0, 6.40%, 0, 0, 3, 15.83, 122651, 113, 0, 0
40383, 1011, 69, 74, 0, 0, 6.40%, 0, 0, 3, 28.98, 122815, 113, 0, 0
40388, 1015, 33, 74, 0, 0, 6.40%, 0, 0, 3, 28.23, 122958, 113, 0, 0
40393, 1017, 11, 74, 0, 0, 6.40%, 0, 0, 3, 24.18, 123061, 113, 0, 0
40395, 1018, 9, 74, 0, 0, 6.40%, 0, 0, 3, 26.75, 123113, 113, 0, 0
40402, 1021, 5, 74, 0, 0, 6.40%, 0, 0, 3, 0.00, 123270, 113, 0, 0
